 2060 Chiron         |2000 09 13.000|0.379496  |13.60125|  6.9413|209.3936 |339.0543 | 2000| 33.0581  | 6.5 | 0.15|   0.00
 7066 Nessus         |2000 09 13.000|0.516800  |24.40419| 15.6580| 31.3990 |170.1226 | 2000| 25.8124  | 9.6 | 0.15|   0.00
 8405  (8405)        |2001 04 01.000|0.618589  |17.92270| 17.6373|  6.0908 |290.3168 | 2000|353.7090  | 9.0 | 0.15|   0.00
10199 Chariklo       |2000 09 13.000|0.171042  |15.77462| 23.3793|300.4245 |241.4052 | 2000|341.4631  | 6.4 | 0.15|   0.00
15760 1992 QB1       |2000 09 13.000|0.075537  |44.24628|  2.1863|359.4218 |  5.4532 | 2000|  5.4610  | 7.2 | 0.15|   0.00
15788 (15788)        |2001 04 01.000|0.325312  |39.66409|  1.9401|354.8827 | 78.5997 | 2000|329.0717  | 7.7 | 0.15|   0.00
15789 1993 SC        |2000 09 13.000|0.187577  |39.78930|  5.1533|354.6506 |318.8918 | 2000| 41.4360  | 6.9 | 0.15|   0.00
15809 1994 JS        |2000 09 13.000|0.213500  |41.94951| 14.0827| 56.3609 |238.4052 | 2000|329.1322  | 7.8 | 0.15|   0.00
15810 1994 JR1       |2000 09 13.000|0.112137  |39.13659|  3.8026|144.7865 |102.3994 | 2000|  6.4877  | 7.7 | 0.15|   0.00
15820 1994 TB        |2000 09 13.000|0.323045  |39.84627| 12.1377|317.4251 | 98.5162 | 2000|334.0042  | 7.1 | 0.15|   0.00
15836 1995 DA2       |2000 09 13.000|0.077498  |36.47267|  6.5513|127.4725 |333.4961 | 2000| 32.1531  | 8.1 | 0.15|   0.00
15874 1996 TL66      |2000 09 13.000|0.589419  |85.32752| 23.9218|217.7640 |184.6740 | 2000|359.6455  | 5.4 | 0.15|   0.00
15875 1996 TP66      |2000 09 13.000|0.338497  |39.86492|  5.6907|316.8229 | 75.3983 | 2000|  0.4336  | 6.8 | 0.15|   0.00
15883 1997 CR29      |2000 09 13.000|0.215677  |47.15483| 19.1399|127.1676 |301.0175 | 2000| 50.0484  | 7.2 | 0.15|   0.00
      1993 FW        |2001 04 01.000|0.044376  |43.58229|  7.7647|187.9231 | 42.5077 | 2000|330.3950  | 7.0 | 0.15|   0.00
      1993 RO        |2000 09 13.000|0.203014  |39.51174|  3.7084|170.2906 |189.2183 | 2000|  3.8685  | 8.0 | 0.15|   0.00
      1994 ES2       |2000 09 13.000|0.110959  |45.71095|  1.0685|154.8091 |100.8040 | 2000|282.7547  | 7.5 | 0.15|   0.00
      1994 TA        |2000 09 13.000|0.300554  |16.84879|  5.3961|137.6824 |154.8586 | 2000| 83.2418  |11.5 | 0.15|   0.00
      1994 VK8       |2000 09 13.000|0.026016  |43.11528|  1.4829| 72.4081 |106.2207 | 2000|253.2002  | 6.5 | 0.15|   0.00
      1995 DB2       |2000 09 13.000|0.137150  |46.54182|  4.1030|128.6244 |  0.9791 | 2000|  5.6760  | 7.6 | 0.15|   0.00
      1995 DC2       |2001 04 01.000|0.059011  |44.13581|  2.3463|154.1745 |120.3292 | 2000|251.9112  | 7.2 | 0.15|   0.00
      1995 QY9       |2000 09 13.000|0.268910  |39.94676|  4.8351|342.0821 | 25.4466 | 2000|351.7275  | 7.5 | 0.15|   0.00
      1995 QZ9       |2001 04 01.000|0.147586  |39.65686| 19.5269|187.9987 |145.0978 | 2000| 35.5348  | 7.9 | 0.15|   0.00
      1995 SM55      |2001 04 01.000|0.109726  |42.09909| 26.9957| 21.0230 | 68.9910 | 2000|311.3839  | 4.8 | 0.15|   0.00
      1995 TL8       |2001 04 01.000|0.238476  |52.79841|  0.2416|261.5409 | 85.0217 | 2000| 27.0525  | 5.4 | 0.15|   0.00
      1995 WY2       |2000 09 13.000|0.126576  |46.81991|  1.6531| 78.7400 |106.0810 | 2000|273.3836  | 7.0 | 0.15|   0.00
      1995 YY3       |2000 09 13.000|0.226673  |39.71049|  0.4424| 99.6340 |321.8584 | 2000|  7.8823  | 8.5 | 0.15|   0.00
      1996 GQ21      |2001 04 01.000|0.586492  |92.41548| 13.3729|194.2038 |356.0913 | 2000|  4.7192  | 5.2 | 0.15|   0.00
      1996 KV1       |2000 09 13.000|0.107526  |44.94941|  8.1012| 92.5935 |196.6007 | 2000|336.0765  | 7.3 | 0.15|   0.00
      1996 KW1       |2001 04 01.000|0.247582  |46.88770|  2.1501| 44.2331 |274.6999 | 2000|289.8137  | 6.6 | 0.15|   0.00
      1996 RQ20      |2001 04 01.000|0.105072  |44.09914| 31.6257| 11.5452 |  0.5899 | 2000|  4.7792  | 7.0 | 0.15|   0.00
      1996 RR20      |2000 09 13.000|0.170482  |39.62797|  5.2972|163.5379 | 48.6268 | 2000|120.0552  | 6.9 | 0.15|   0.00
      1996 SZ4       |2000 09 13.000|0.265096  |39.97473|  4.7304| 15.9686 | 29.8275 | 2000|345.3162  | 8.2 | 0.15|   0.00
      1996 TK66      |2001 04 01.000|0.012606  |42.91687|  3.3090| 44.6756 |233.1026 | 2000| 91.0783  | 6.2 | 0.00|   0.00
      1996 TO66      |2000 09 13.000|0.113891  |43.49084| 27.3796|355.2133 |241.8109 | 2000|115.3109  | 4.5 | 0.15|   0.00
      1996 TQ66      |2000 09 13.000|0.129503  |39.76152| 14.6375| 10.6972 | 20.4562 | 2000|  1.8222  | 7.0 | 0.15|   0.00
      1996 TR66      |2001 04 01.000|0.398809  |48.05922| 12.4265|343.0707 |310.0070 | 2000| 36.7250  | 7.5 | 0.15|   0.00
      1996 TS66      |2000 09 13.000|0.135033  |44.32887|  7.3376|286.0130 |139.2968 | 2000|342.0681  | 6.4 | 0.15|   0.00
      1997 CQ29      |2001 04 01.000|0.121811  |45.24442|  2.8986|132.5660 |335.9598 | 2000| 41.9880  | 6.8 | 0.15|   0.00
      1997 CS29      |2001 04 01.000|0.013579  |44.11867|  2.2353|304.3712 |202.2753 | 2000|333.3458  | 5.2 | 0.15|   0.00
      1997 CT29      |2001 04 01.000|0.025917  |43.89422|  1.0161| 74.7926 |209.5102 | 2000|215.8560  | 6.6 | 0.15|   0.00
      1997 CU29      |2000 09 13.000|0.029319  |43.66270|  1.4540|350.3065 |274.9140 | 2000|213.3176  | 6.5 | 0.15|   0.00
      1997 CV29      |2001 04 01.000|0.049239  |42.33408|  8.0146|121.1817 | 28.1161 | 2000|354.4791  | 7.4 | 0.15|   0.00
      1997 QH4       |2000 09 13.000|0.034603  |42.88429| 13.1375|355.7290 | 10.6535 | 2000|353.7161  | 7.0 | 0.15|   0.00
      1997 QJ4       |2001 04 01.000|0.230915  |39.59906| 16.5639|346.8465 | 81.4798 | 2000|316.9223  | 7.5 | 0.15|   0.00
      1997 RT5       |2000 09 13.000|0.021175  |41.45069| 12.7128|163.7531 |  4.7342 | 2000|179.2142  | 7.3 | 0.15|   0.00
      1997 RY6       |1997 09 29.000|0.000000  |41.35967| 12.4471|318.4775 | 37.8829 | 2000|  2.2395  | 7.5 | 0.15|   0.00
      1997 RX9       |2000 09 13.000|0.050039  |41.70507| 29.9599|163.9009 | 73.7416 | 2000|104.7093  | 8.2 | 0.15|   0.00
      1997 SZ10      |2000 09 13.000|0.369144  |48.41128| 11.7769|  9.4292 |342.3565 | 2000| 12.1598  | 8.5 | 0.15|   0.00
      1998 BU48      |2001 04 01.000|0.386820  |33.48144| 14.2353|132.7473 |282.8649 | 2000| 43.4532  | 7.2 | 0.15|   0.00
      1998 FS144     |2001 04 01.000|0.024019  |41.77448|  9.8830|228.7334 |204.2262 | 2000| 95.3427  | 6.7 | 0.15|   0.00
      1998 HH151     |2001 04 01.000|0.184497  |39.20957|  8.8030|194.8060 | 33.3950 | 2000|340.9320  | 8.4 | 0.15|   0.00
      1998 HJ151     |2001 04 01.000|0.047431  |43.09005|  2.3950| 50.4305 |120.5516 | 2000| 58.2060  | 7.5 | 0.15|   0.00
      1998 HL151     |2001 04 01.000|0.091285  |40.67217| 28.0510| 16.3425 |129.0986 | 2000| 47.6678  | 8.1 | 0.15|   0.00
      1998 HM151     |2001 04 01.000|0.053930  |44.15666|  0.5452| 63.9421 |252.2808 | 2000|291.8798  | 8.0 | 0.15|   0.00
      1998 HN151     |2001 04 01.000|0.052084  |37.92278| 25.0256| 37.2236 |310.7602 | 2000|197.3653  | 8.7 | 0.15|   0.00
      1998 KY61      |2001 04 01.000|0.113788  |45.18477|  2.0504|122.9170 | 71.6598 | 2000| 99.8366  | 7.3 | 0.15|   0.00
      1998 KG62      |2001 04 01.000|0.054302  |43.29459|  0.7949|336.6039 |115.8581 | 2000|218.0398  | 6.6 | 0.15|   0.00
      1998 KR65      |2001 04 01.000|0.035630  |43.39844|  1.1892|101.9140 |332.0461 | 2000|236.0134  | 6.8 | 0.15|   0.00
      1998 KS65      |2001 04 01.000|0.031147  |43.64586|  1.1824|102.6271 |201.0563 | 2000|  3.1266  | 7.7 | 0.15|   0.00
      1998 QM107     |2001 10 18.000|0.134545  |19.98606|  9.3795|127.1721 |154.0620 | 2000| 35.5597  |10.4 | 0.15|   0.00
      1998 SG35      |2001 04 01.000|0.307817  |8.418944| 15.6245|173.2011 |337.5385 | 2000|259.5288  |11.3 | 0.15|   0.00
      1998 SM165     |2001 04 01.000|0.372103  |47.92622| 13.4797|183.1232 |131.8016 | 2000| 28.3381  | 5.8 | 0.15|   0.00
      1998 SN165     |2001 04 01.000|0.046626  |38.02988|  4.5938|192.1403 |259.6607 | 2000|269.3417  | 5.8 | 0.15|   0.00
      1998 TF35      |2001 04 01.000|0.382539  |26.40280| 12.6157| 51.9577 |301.8602 | 2000| 30.3084  | 9.3 | 0.15|   0.00
      1998 UR43      |2000 09 13.000|0.226889  |39.86655|  8.7392| 53.9285 | 17.7374 | 2000|340.3917  | 8.1 | 0.15|   0.00
      1998 US43      |2000 09 13.000|0.145746  |39.73046| 10.5740|223.8221 |140.3396 | 2000| 36.5779  | 7.9 | 0.15|   0.00
      1998 UU43      |2000 09 13.000|0.266644  |38.78054|  9.5427|231.3532 |266.0455 | 2000|293.4209  | 7.2 | 0.15|   0.00
      1998 VG44      |2000 09 13.000|0.248128  |39.41490|  3.0371|127.9531 |319.9069 | 2000|343.1375  | 6.5 | 0.15|   0.00
      1998 WG24      |2000 09 13.000|0.130807  |45.96131|  2.2250| 88.3414 | 32.0056 | 2000|327.3406  | 6.8 | 0.15|   0.00
      1998 WH24      |2000 09 13.000|0.109477  |46.16255| 12.0002| 49.9527 | 54.2134 | 2000|323.3911  | 4.9 | 0.15|   0.00
      1998 WV24      |2000 09 13.000|0.110852  |39.66160|  1.5087|183.3724 |298.4120 | 2000|296.8766  | 7.5 | 0.15|   0.00
      1998 WW24      |2000 09 13.000|0.256280  |40.36602| 13.8948|233.9751 |138.7556 | 2000| 23.9930  | 7.8 | 0.15|   0.00
      1998 WX24      |2001 04 01.000|0.033986  |43.64233|  0.9233| 60.7765 |174.2690 | 2000|181.5313  | 6.6 | 0.15|   0.00
      1998 WY24      |2001 04 01.000|0.046709  |43.56485|  1.9109|102.6243 |  7.9428 | 2000|330.9047  | 7.0 | 0.15|   0.00
      1998 WZ24      |1998 12 13.000|0.179734  |39.48464|  4.5117| 80.3028 |355.9654 | 2000|  0.0983  | 8.1 | 0.15|   0.00
      1998 WA25      |2000 09 13.000|0.020060  |42.89791|  1.0468|136.5193 |274.5375 | 2000|  0.9194  | 7.1 | 0.15|   0.00
      1998 WA31      |2001 04 01.000|0.429523  |55.54528|  9.4427| 20.6995 |310.5917 | 2000| 29.5241  | 7.2 | 0.15|   0.00
      1998 WS31      |2000 09 13.000|0.208711  |39.77506|  6.7297| 15.9291 | 28.4508 | 2000|358.7518  | 8.2 | 0.15|   0.00
      1998 WT31      |2001 04 01.000|0.190909  |46.42267| 28.6139| 41.5842 | 41.2812 | 2000|336.4620  | 7.0 | 0.15|   0.00
      1998 WU31      |2000 09 13.000|0.202321  |39.78294|  6.5598|237.1674 |138.9933 | 2000| 24.7665  | 8.3 | 0.15|   0.00
      1998 WV31      |2000 09 13.000|0.267560  |39.46748|  5.7092| 58.5776 |275.9869 | 2000| 42.3431  | 7.7 | 0.15|   0.00
      1998 WW31      |2001 04 01.000|0.084579  |45.01610|  6.7741|237.0974 | 57.1991 | 2000|112.7114  | 6.5 | 0.15|   0.00
      1998 WX31      |2000 09 13.000|0.143460  |46.17369|  2.9665| 37.4221 | 69.4863 | 2000|332.6243  | 6.6 | 0.15|   0.00
      1998 WY31      |2001 04 01.000|0.117359  |45.57626|  1.9751| 63.6451 |103.6220 | 2000|282.3392  | 7.3 | 0.15|   0.00
      1998 WZ31      |2000 09 13.000|0.174665  |39.88492| 14.5708| 50.5401 |354.1102 | 2000| 11.0499  | 8.2 | 0.15|   0.00
      1998 XY95      |2001 04 01.000|0.424802  |65.00237|  6.6552| 47.2958 | 88.8135 | 2000|339.0556  | 6.2 | 0.15|   0.00
      1999 CV118     |2000 09 13.000|0.290440  |52.95545|  5.4617|305.6210 |149.0340 | 2000| 16.7791  | 7.5 | 0.15|   0.00
      1999 CW118     |1999 03 23.000|0.000000  |43.45475|  0.8187|154.4707 |173.4808 | 2000|198.7054  | 7.8 | 0.15|   0.00
      1999 CX118     |1999 03 03.000|0.027255  |43.66175|  1.7835|175.7138 |175.7476 | 2000|180.0639  | 7.1 | 0.15|   0.00
      1999 CY118     |2000 09 13.000|0.616503  |90.19102| 25.6048|163.1237 | 15.3905 | 2000|357.8124  | 8.7 | 0.15|   0.00
      1999 CZ118     |2001 04 01.000|0.670512  |114.4717| 27.7605|345.1743 |235.9822 | 2000|351.1132  | 7.9 | 0.15|   0.00
      1999 CA119     |1999 03 23.000|0.000000  |45.15314|  0.2832| 24.8576 |319.8815 | 2000|181.7578  | 7.7 | 0.15|   0.00
      1999 CB119     |2001 04 01.000|0.129642  |46.93675|  8.7552|168.1072 |349.6918 | 2000|  8.8960  | 7.0 | 0.15|   0.00
      1999 CC119     |2000 09 13.000|0.001272  |44.44015|  0.4580|190.2611 |272.9934 | 2000| 65.7917  | 7.1 | 0.15|   0.00
      1999 CD119     |1999 03 03.000|0.026553  |43.99328|  2.3965|166.3815 |183.8673 | 2000|180.0749  | 7.3 | 0.15|   0.00
      1999 CE119     |2001 04 01.000|0.266930  |39.26002|  1.4786|171.5976 | 34.3414 | 2000|344.0852  | 8.7 | 0.15|   0.00
      1999 CF119     |2001 04 01.000|0.569428  |89.88729| 19.6767|303.4354 |199.8699 | 2000|356.0192  | 7.3 | 0.15|   0.00
      1999 CG119     |2001 04 01.000|0.293836  |49.83697| 16.6367|304.2632 |255.2420 | 2000|316.0086  | 7.6 | 0.15|   0.00
      1999 CH119     |2001 04 01.000|0.076603  |43.50735| 19.9284|122.3431 |183.2116 | 2000|180.4230  | 7.4 | 0.15|   0.00
      1999 CJ119     |2001 04 01.000|0.070346  |45.58324|  3.1953|313.3577 |179.2960 | 2000|356.6454  | 7.4 | 0.15|   0.00
      1999 CL119     |2000 09 13.000|0.020555  |47.03481| 23.2719|125.1541 |288.9403 | 2000| 72.0687  | 6.0 | 0.15|   0.00
      1999 CM119     |2000 09 13.000|0.134192  |44.49458|  2.7431|118.4854 |295.2138 | 2000| 61.4084  | 7.9 | 0.15|   0.00
      1999 CN119     |2001 04 01.000|0.091800  |44.47524|  0.9913|347.4707 | 45.0232 | 2000| 89.5440  | 8.0 | 0.15|   0.00
      1999 CW131     |2000 09 13.000|0.014781  |43.25750|  7.9468|174.6261 |214.4181 | 2000|146.0877  | 7.9 | 0.15|   0.00
      1999 CX131     |2001 04 01.000|0.227443  |42.31170|  9.7455|127.9783 |109.6445 | 2000|280.7795  | 7.0 | 0.15|   0.00
      1999 CA132     |1999 03 03.000|0.097936  |43.96574| 12.0711|154.8710 |  0.5298 | 2000|  0.0669  | 7.4 | 0.15|   0.00
      1999 CP133     |1999 03 03.000|0.193351  |39.21917|  2.9457|333.9796 |171.1781 | 2000|  8.1723  | 7.6 | 0.15|   0.00
      1999 CQ133     |2001 04 01.000|0.090231  |41.47005| 13.2554|123.2856 |136.4530 | 2000|232.4289  | 7.0 | 0.15|   0.00
      1999 CM153     |2001 04 01.000|0.141383  |45.84418|  0.2026| 93.8403 |  1.5545 | 2000| 43.0292  | 7.4 | 0.15|   0.00
      1999 CN153     |1999 03 03.000|0.015992  |42.59212|  7.4797|153.0497 |179.4175 | 2000|180.0562  | 7.7 | 0.15|   0.00
      1999 CO153     |2000 09 13.000|0.084958  |43.84951|  0.8037|278.0635 |163.6716 | 2000| 36.3849  | 7.4 | 0.15|   0.00
      1999 CP153     |2000 09 13.000|0.161227  |45.23052|  3.0357|122.8194 |247.7346 | 2000|101.0368  | 7.7 | 0.15|   0.00
      1999 CQ153     |1999 02 11.000|0.000000  |44.33005|  0.2076|181.1774 |336.1358 | 2000|  0.0000  | 7.6 | 0.15|   0.00
      1999 CR153     |1999 02 11.000|0.051319  |43.11892|  1.4424|324.4932 |201.2663 | 2000|359.9989  | 8.2 | 0.15|   0.00
      1999 CS153     |2000 09 13.000|0.119910  |44.59664|  0.9815|343.3989 |222.3535 | 2000|294.5323  | 8.1 | 0.15|   0.00
      1999 CT153     |1999 02 11.000|0.092445  |45.11051|  4.5077|163.1393 |357.6580 | 2000|359.9990  | 8.1 | 0.15|   0.00
      1999 CU153     |2001 04 01.000|0.070467  |44.37275|  2.7031|139.2553 |296.8754 | 2000| 50.4615  | 7.2 | 0.15|   0.00
      1999 CG154     |2000 09 13.000|0.084628  |43.12296|  0.7667|100.2238 |175.5124 | 2000|220.6005  | 7.4 | 0.15|   0.00
      1999 CH154     |2001 04 01.000|0.015233  |43.21406|  0.8450|164.5891 |258.7413 | 2000| 68.7643  | 7.7 | 0.15|   0.00
      1999 CC158     |2001 04 01.000|0.281299  |54.32821| 18.7341|337.0067 |101.7950 | 2000| 29.0621  | 5.7 | 0.15|   0.00
      1999 CD158     |2001 04 01.000|0.138686  |43.84581| 25.4205|119.0022 |144.3443 | 2000|228.4730  | 5.1 | 0.15|   0.00
      1999 CK158     |2001 04 01.000|0.077163  |41.03021| 17.0644|127.7179 |315.1120 | 2000| 41.7395  | 8.2 | 0.15|   0.00
      1999 CL158     |2000 09 13.000|0.218893  |41.77052| 10.0247|120.0745 |325.7111 | 2000| 26.0753  | 7.0 | 0.15|   0.00
      1999 CM158     |2001 04 01.000|0.280590  |39.50142|  9.2841|338.9568 |164.3083 | 2000| 13.1700  | 7.8 | 0.15|   0.00
      1999 DA        |2001 04 01.000|0.068545  |43.43074|  2.7903| 53.8453 |250.3536 | 2000|200.7257  | 7.9 | 0.15|   0.00
      1999 DB8       |1999 03 03.000|0.101623  |42.51073| 22.2808|133.7632 |  6.7709 | 2000|  0.0532  |10.0 | 0.15|   0.00
      1999 DH8       |2001 04 01.000|0.073081  |44.25335|  4.5212|105.0432 | 98.1252 | 2000|306.5740  | 8.7 | 0.15|   0.00
      1999 DL8       |1999 03 03.000|0.000000  |42.51721|  5.7641|114.4809 | 25.9397 | 2000|  0.0000  | 9.6 | 0.15|   0.00
      1999 DE9       |2001 04 01.000|0.421796  |55.74431|  7.6105|322.9503 |159.2736 | 2000| 13.1039  | 4.7 | 0.15|   0.00
      1999 DF9       |2001 04 01.000|0.144954  |46.50745|  9.8090|334.8467 |175.1123 | 2000|  3.5687  | 6.1 | 0.15|   0.00
      1999 HR11      |2001 04 01.000|0.034930  |43.59959|  3.3059| 83.1641 |137.3611 | 2000|334.2631  | 7.2 | 0.15|   0.00
      1999 HS11      |2001 04 01.000|0.015942  |43.93471|  2.6010|105.6009 |176.8227 | 2000|286.2303  | 6.7 | 0.15|   0.00
      1999 HT11      |2001 04 01.000|0.113045  |43.54447|  5.0601| 87.7856 |191.0760 | 2000|301.3123  | 7.5 | 0.15|   0.00
      1999 HU11      |2001 04 01.000|0.061164  |43.89565|  0.3620| 51.8218 |244.7276 | 2000|277.0718  | 6.9 | 0.15|   0.00
      1999 HV11      |2001 04 01.000|0.030399  |42.77442|  3.1603|160.9564 |274.1745 | 2000|129.5213  | 7.9 | 0.15|   0.00
      1999 HW11      |2001 04 01.000|0.251413  |52.32038| 17.2386|198.4347 |323.9428 | 2000| 27.6964  | 7.0 | 0.15|   0.00
      1999 HX11      |2001 04 01.000|0.149372  |38.91274| 12.7666|  9.9882 | 79.8566 | 2000| 78.2213  | 7.2 | 0.15|   0.00
      1999 HB12      |2001 04 01.000|0.409403  |55.22982| 13.1591|166.4473 | 66.1772 | 2000|344.4367  | 7.4 | 0.15|   0.00
      1999 HC12      |2001 04 01.000|0.236578  |45.15291| 15.3830| 56.9862 | 93.9245 | 2000| 46.9595  | 7.4 | 0.15|   0.00
      1999 HJ12      |2001 04 01.000|0.047411  |42.83245|  4.5440|122.4539 |230.9725 | 2000|232.7632  | 7.4 | 0.15|   0.00
      1999 KR16      |2001 04 01.000|0.298101  |48.41235| 24.8728|205.6320 | 58.9794 | 2000|328.8370  | 5.8 | 0.15|   0.00
      1999 KL17      |1999 06 11.000|0.029424  |46.23779|  2.8797|307.2351 |180.3058 | 2000|180.0847  | 8.7 | 0.15|   0.00
      1999 KR18      |1999 06 11.000|0.379914  |47.91475|  0.6209|284.6143 |149.1180 | 2000|276.0079  | 8.0 | 0.15|   0.00
      1999 OX3       |2001 04 01.000|0.456693  |32.25237|  2.6335|259.5438 |144.2615 | 2000|315.0972  | 7.5 | 0.15|   0.00
      1999 OY3       |2000 09 13.000|0.167042  |43.75060| 24.2589|301.8377 |305.1912 | 2000| 42.4535  | 6.8 | 0.15|   0.00
      1999 OZ3       |2000 09 13.000|0.011202  |43.70177|  2.5398|137.7792 |359.0907 | 2000|181.0875  | 7.4 | 0.15|   0.00
      1999 OA4       |2000 09 13.000|0.037042  |44.14935|  3.1300|136.9659 |  1.0039 | 2000|179.9121  | 7.9 | 0.15|   0.00
      1999 OC4       |2001 10 18.000|0.166206  |45.31470|  1.1696| 55.4969 |202.8651 | 2000| 44.8745  | 8.3 | 0.15|   0.00
      1999 OD4       |2001 10 18.000|0.098074  |41.28596| 14.4428|301.5240 |147.7530 | 2000|224.8386  | 7.3 | 0.15|   0.00
      1999 OE4       |2001 10 18.000|0.044632  |45.21508|  2.1523|130.8966 |218.1922 | 2000|332.4198  | 7.0 | 0.15|   0.00
      1999 OF4       |2001 10 18.000|0.063902  |44.80667|  2.6633|134.4021 | 85.3958 | 2000| 91.7373  | 6.9 | 0.15|   0.00
      1999 OG4       |2001 10 18.000|0.131790  |46.81425|  1.4202|111.3092 |100.6133 | 2000| 89.5242  | 7.7 | 0.15|   0.00
      1999 OH4       |2001 10 18.000|0.036354  |40.32910| 28.2473|124.1938 |159.2081 | 2000| 21.6986  | 8.3 | 0.15|   0.00
      1999 OJ4       |2001 10 18.000|0.029437  |38.00107|  4.0029|127.5127 |292.9933 | 2000|261.0770  | 7.0 | 0.15|   0.00
      1999 OK4       |2001 04 01.000|0.156692  |43.11411| 30.0510|122.3932 | 64.4946 | 2000|101.5850  | 7.7 | 0.15|   0.00
      1999 OL4       |1999 07 21.000|0.000000  |41.60822|  8.2158|295.7394 |  6.7091 | 2000|  0.0000  | 7.9 | 0.15|   0.00
      1999 OM4       |2001 10 18.000|0.113822  |45.87093|  2.0845|113.7671 |132.9311 | 2000| 60.0856  | 7.1 | 0.15|   0.00
      1999 ON4       |2001 10 18.000|0.038190  |42.51214|  3.1897|133.0713 |188.3711 | 2000|357.1238  | 7.6 | 0.15|   0.00
      1999 RS214     |1999 09 19.000|0.000000  |42.96436|  3.1744|139.4957 |178.8182 | 2000|  0.0000  | 7.9 | 0.15|   0.00
      1999 RT214     |1999 09 19.000|0.070150  |43.67244|  2.5352|138.0626 |180.2460 | 2000|  0.0443  | 7.8 | 0.15|   0.00
      1999 RU214     |1999 10 09.000|0.681997  |95.52823|  4.1694|137.8043 |261.5824 | 2000|345.4488  | 7.3 | 0.15|   0.00
      1999 RV214     |1999 09 19.000|0.079809  |45.03200|  1.1491|144.6293 |357.8312 | 2000|180.1293  | 7.9 | 0.15|   0.00
      1999 RW214     |1999 09 19.000|0.000000  |42.94720|  1.3593|  0.3669 |  1.0038 | 2000|  0.0000  | 7.4 | 0.15|   0.00
      1999 RX214     |2000 09 13.000|0.041716  |44.90203|  4.8185|  3.7929 |247.0943 | 2000|111.5715  | 6.9 | 0.15|   0.00
      1999 RY214     |2000 09 13.000|0.188330  |45.55261| 13.6885|327.3378 | 72.1537 | 2000|340.7789  | 7.5 | 0.15|   0.00
      1999 RZ214     |1999 10 09.000|0.573850  |87.18745| 20.3006|214.7762 |117.6592 | 2000|  8.3764  | 7.9 | 0.15|   0.00
      1999 RA215     |2001 04 01.000|0.108759  |43.11739| 22.5612|132.3286 |270.7054 | 2000|286.6416  | 7.7 | 0.15|   0.00
      1999 RB215     |1999 10 09.000|0.345749  |48.31520|  7.8135|  4.9975 |  1.5485 | 2000|  0.0958  | 9.4 | 0.15|   0.00
      1999 RC215     |2000 09 13.000|0.060663  |44.54057|  1.4004|189.0351 |110.3257 | 2000| 62.6675  | 6.9 | 0.15|   0.00
      1999 RD215     |2000 09 13.000|0.686295  |120.7873| 25.8841|210.3370 |141.0641 | 2000|  2.7946  | 7.5 | 0.15|   0.00
      1999 RE215     |2000 09 13.000|0.045958  |44.61854|  1.3454|149.2760 |170.4211 | 2000|  8.9191  | 6.6 | 0.15|   0.00
      1999 RF215     |1999 10 09.000|0.000000  |43.96413|  3.6750|327.5791 |  0.1957 | 2000|  0.0000  | 7.4 | 0.15|   0.00
      1999 RG215     |2000 09 13.000|0.031099  |46.45208|  0.2524|294.7813 | 35.7326 | 2000|  7.5417  | 7.4 | 0.15|   0.00
      1999 RH215     |1999 10 09.000|0.348173  |47.88955| 10.2346|277.1231 |355.4606 | 2000| 34.9494  | 8.1 | 0.15|   0.00
      1999 RJ215     |2000 09 13.000|0.420185  |59.78767| 19.7191|314.9367 | 43.6979 | 2000|355.0247  | 7.4 | 0.15|   0.00
      1999 RK215     |1999 10 09.000|0.166441  |39.72913| 11.4992|137.7609 |103.4433 | 2000|110.9656  | 7.7 | 0.15|   0.00
      1999 RN215     |2000 09 13.000|0.040964  |43.21648| 12.4044|140.6342 | 68.2917 | 2000|159.4833  | 6.7 | 0.15|   0.00
      1999 RR215     |1999 10 09.000|0.100671  |44.91243|  1.1438|185.6941 |185.9860 | 2000|  0.1038  | 8.1 | 0.15|   0.00
      1999 RT215     |1999 10 09.000|0.000000  |43.08942| 21.9068|192.8981 |179.8489 | 2000|  0.0000  | 7.1 | 0.15|   0.00
      1999 RU215     |2000 09 13.000|0.094672  |43.59152|  7.7182| 14.2977 |316.9179 | 2000| 36.8406  | 7.3 | 0.15|   0.00
      1999 RV215     |2000 09 13.000|0.189491  |44.98636| 21.9750|351.8179 | 27.0991 | 2000|359.8485  | 8.4 | 0.15|   0.00
      1999 RW215     |1999 10 09.000|0.246247  |39.63957| 10.4242|253.9917 |180.8673 | 2000|322.4038  | 8.0 | 0.15|   0.00
      1999 RX215     |1999 09 19.000|0.000000  |42.05898|  0.8936| 99.3492 |223.5808 | 2000|  0.0000  | 7.6 | 0.15|   0.00
      1999 RY215     |2000 09 13.000|0.243287  |45.48866| 22.1801|326.6224 | 51.5651 | 2000|328.5309  | 7.1 | 0.15|   0.00
      1999 RZ215     |2000 09 13.000|0.696809  |102.1525| 25.4924|341.6691 |336.5673 | 2000|  0.5481  | 7.8 | 0.15|   0.00
      1999 RA216     |2000 09 13.000|0.103343  |44.62426|  0.7871|192.1498 | 80.4439 | 2000| 69.8300  | 7.2 | 0.15|   0.00
      1999 RB216     |2000 09 13.000|0.304301  |48.13827| 12.6719|175.7294 |210.5536 | 2000|344.4554  | 7.3 | 0.15|   0.00
      1999 RC216     |1999 10 09.000|0.080681  |44.40277|  0.5883|190.5376 |344.2864 | 2000|180.1491  | 7.3 | 0.15|   0.00
      1999 RZ253     |2001 04 01.000|0.104374  |43.89047|  0.5616| 84.3838 |188.9324 | 2000| 45.5699  | 5.9 | 0.15|   0.00
      1999 RK257     |1999 08 30.000|0.051733  |43.19633| 17.9214|190.6425 |144.9001 | 2000|359.9547  | 8.3 | 0.15|   0.00
      1999 SA28      |1999 08 30.000|0.184967  |39.23393| 11.1115|262.7027 | 73.9026 | 2000|359.9314  | 7.3 | 0.15|   0.00
      1999 TD10      |2001 10 18.000|0.876288  |99.40541|  5.9562|184.6764 |172.7551 | 2000|  0.7109  | 8.8 | 0.15|   0.00
      1999 TR11      |2000 09 13.000|0.248857  |39.71371| 17.0989| 54.7061 |350.8762 | 2000|  6.4682  | 8.5 | 0.15|   0.00
      1999 TC36      |2001 04 01.000|0.232558  |39.70948|  8.4152| 97.1998 |295.9156 | 2000|339.1991  | 4.9 | 0.15|   0.00
      1999 UG5       |2001 04 01.000|0.417327  |12.81433|  5.6164| 87.3246 |289.4470 | 2000| 18.0695  |10.1 | 0.15|   0.00
      1999 XX143     |2001 04 01.000|0.461744  |18.02473|  6.7613|103.7602 |216.5721 | 2000|129.1735  | 8.5 | 0.15|   0.00
      1999 XY143     |2001 04 01.000|0.074744  |43.31256|  7.1368|255.4159 | 84.9701 | 2000| 89.9944  | 6.1 | 0.15|   0.00
      2000 AB255     |1999 12 28.000|0.099821  |43.08393| 20.3884|159.0340 |279.0407 | 2000|  0.0000  | 8.9 | 0.15|   0.00
      2000 AC255     |1999 12 28.000|0.159722  |46.80664| 34.7541|111.0482 |141.3968 | 2000|181.1215  | 8.9 | 0.15|   0.00
      2000 AD255     |1999 12 28.000|0.042368  |42.17398| 33.0369|113.6117 |320.3970 | 2000|  0.0000  | 8.9 | 0.15|   0.00
      2000 AE255     |1999 12 28.000|0.062415  |44.05129| 35.9383| 43.7746 | 56.5717 | 2000|  0.0000  | 8.3 | 0.15|   0.00
      2000 AF255     |2001 04 01.000|0.262110  |49.30590| 30.8487| 23.4490 |195.8785 | 2000|267.1533  | 5.8 | 0.15|   0.00
      2000 CL104     |2001 04 01.000|0.079358  |44.53592|  1.2435|140.8817 |309.2505 | 2000| 54.1589  | 6.3 | 0.15|   0.00
      2000 CM104     |2000 02 06.000|0.000000  |42.58496|  0.9312|149.0172 |  1.7242 | 2000|  0.0000  | 7.5 | 0.15|   0.00
      2000 CN104     |2000 02 06.000|0.000000  |42.92739| 31.5192|150.5423 |  0.2571 | 2000|  0.0000  | 6.9 | 0.15|   0.00
      2000 CO104     |2000 02 06.000|0.255749  |17.49679|  3.9953|346.7697 |339.2199 | 2000|180.5278  | 9.9 | 0.15|   0.00
      2000 CP104     |2001 04 01.000|0.097233  |44.34220|  9.4766|130.5842 |147.9259 | 2000|241.1208  | 6.9 | 0.15|   0.00
      2000 CQ104     |2001 04 01.000|0.216298  |36.39984| 13.5125|341.8078 | 70.2080 | 2000| 73.6751  | 8.4 | 0.15|   0.00
      2000 CE105     |2001 04 01.000|0.063666  |44.18574|  0.5484| 76.7627 | 40.4765 | 2000|353.2501  | 7.3 | 0.15|   0.00
      2000 CF105     |2001 04 01.000|0.071845  |44.36566|  0.5274| 56.7621 |117.1491 | 2000|314.6961  | 7.4 | 0.15|   0.00
      2000 CG105     |2001 04 01.000|0.049057  |46.53848| 27.9496|314.0585 | 89.1781 | 2000| 86.1137  | 6.8 | 0.15|   0.00
      2000 CH105     |2001 04 01.000|0.089349  |44.38770|  1.1582|320.0019 |291.1266 | 2000|281.7315  | 6.7 | 0.15|   0.00
      2000 CJ105     |2000 02 06.000|0.000000  |47.16996| 10.9566|153.7405 |  8.0474 | 2000|  0.0000  | 5.5 | 0.15|   0.00
      2000 CK105     |2001 04 01.000|0.229901  |39.56302|  8.1251|326.5346 |354.6625 | 2000|166.7827  | 6.5 | 0.15|   0.00
      2000 CL105     |2001 04 01.000|0.044713  |43.17670|  4.1663|113.6024 |217.9159 | 2000|162.8670  | 6.5 | 0.15|   0.00
      2000 CM105     |2001 04 01.000|0.067759  |42.34922|  3.7563| 45.5283 |  8.8179 | 2000| 74.3656  | 6.7 | 0.15|   0.00
      2000 CN105     |2001 04 01.000|0.100072  |44.67929|  3.4156| 28.8870 | 11.1468 | 2000| 99.2770  | 5.5 | 0.15|   0.00
      2000 CO105     |2001 04 01.000|0.132980  |47.14316| 19.2307|307.2639 | 55.1437 | 2000|104.4814  | 5.9 | 0.15|   0.00
      2000 CP105     |2000 02 06.000|0.585425  |83.16421| 19.4255|133.1398 |  1.8518 | 2000|359.6881  | 7.7 | 0.15|   0.00
      2000 CQ105     |2001 04 01.000|0.388264  |56.98507| 19.6530|130.6471 |102.8077 | 2000|308.2413  | 6.3 | 0.15|   0.00
      2000 CR105     |2001 04 01.000|0.806853  |228.4986| 22.7240|128.2664 |316.8523 | 2000|  3.7366  | 6.4 | 0.15|   0.00
      2000 CS105     |2000 02 06.000|0.143380  |44.71347|  5.0385| 19.0056 |141.2918 | 2000|359.9995  | 7.3 | 0.15|   0.00
      2000 CY105     |2000 02 06.000|0.091311  |45.53251| 10.0216|132.8240 |175.7702 | 2000|180.0669  | 6.6 | 0.15|   0.00
      2000 CM114     |2000 02 26.000|0.000000  |44.80685| 21.4975|312.3257 |180.0623 | 2000|  0.0000  | 7.0 | 0.15|   0.00
      2000 CN114     |2000 02 26.000|0.000000  |44.08356|  1.5463| 82.1612 | 55.8644 | 2000|  0.0000  | 7.3 | 0.15|   0.00
      2000 CO114     |2000 02 26.000|0.061241  |46.14288| 32.5147|333.2254 |351.9985 | 2000|180.0512  | 6.9 | 0.15|   0.00
      2000 CP114     |2000 02 26.000|0.165685  |39.47647| 31.0007|127.0393 |260.1066 | 2000| 86.9643  | 8.0 | 0.15|   0.00
      2000 CQ114     |2001 04 01.000|0.119233  |46.22168|  2.6937| 38.3024 | 32.4883 | 2000| 72.5751  | 6.8 | 0.15|   0.00
      2000 EC98      |2001 04 01.000|0.456865  |10.72624|  4.3472|173.3211 |162.8913 | 2000|215.6940  | 9.4 | 0.15|   0.00
      2000 EB173     |2001 04 01.000|0.272520  |39.23812| 15.4828|169.3352 | 67.7581 | 2000|339.6977  | 4.7 | 0.15|   0.00
      2000 EE173     |2001 04 01.000|0.541778  |49.37861|  5.9408|293.9975 |234.8216 | 2000|353.9382  | 8.6 | 0.15|   0.00
      2000 FA8       |2001 04 01.000|0.026812  |43.84570|  0.7594|212.6125 |  6.3729 | 2000|328.6122  | 7.5 | 0.15|   0.00
      2000 FB8       |2001 04 01.000|0.287596  |39.23577|  4.5922|  1.7350 |300.8497 | 2000|275.8207  | 8.3 | 0.15|   0.00
      2000 FC8       |2001 04 01.000|0.066040  |43.86761|  0.7070|332.2242 | 27.6222 | 2000|187.4828  | 7.9 | 0.15|   0.00
      2000 FD8       |2001 04 01.000|0.221494  |43.70263| 19.5409|184.8247 | 81.6200 | 2000|303.9551  | 6.7 | 0.15|   0.00
      2000 FE8       |2001 04 01.000|0.403143  |55.28441|  5.8684|  3.9110 |142.7446 | 2000| 16.8267  | 6.7 | 0.15|   0.00
      2000 FF8       |2001 04 01.000|0.378276  |52.39615|  4.4646|178.3412 |100.7320 | 2000|310.2690  | 7.7 | 0.15|   0.00
      2000 FG8       |2001 04 01.000|0.010402  |44.10722|  1.1385|159.6785 |124.7074 | 2000|263.7636  | 7.7 | 0.15|   0.00
      2000 FH8       |2001 04 01.000|0.034117  |43.42351|  2.0720|  8.8165 | 19.3335 | 2000|157.7134  | 7.3 | 0.15|   0.00
      2000 FR53      |2001 04 01.000|0.120128  |44.71454|  2.5255| 39.3624 | 84.3769 | 2000| 70.8665  | 7.7 | 0.15|   0.00
      2000 FS53      |2001 04 01.000|0.034291  |42.89911|  2.0849| 26.0235 |124.2087 | 2000| 54.5372  | 7.7 | 0.15|   0.00
      2000 FT53      |2001 04 01.000|0.222938  |46.09189| 12.0241| 35.3156 |254.2256 | 2000|309.3248  | 8.1 | 0.15|   0.00
      2000 FV53      |2001 04 01.000|0.160413  |39.03893| 17.3714|207.5478 |350.1500 | 2000|  7.7253  | 8.3 | 0.15|   0.00
      2000 FX53      |2001 04 01.000|0.124000  |43.47559|  4.6687|175.1141 | 30.1807 | 2000|340.0998  | 8.2 | 0.15|   0.00
      2000 FZ53      |2001 04 01.000|0.476003  |23.61647| 34.8843|202.3996 |291.2075 | 2000| 30.6667  |11.4 | 0.15|   0.00
      2000 GM137     |2001 04 01.000|0.118843  |7.859746| 15.8577| 89.7310 |123.5135 | 2000|346.2567  |14.3 | 0.15|   0.00
      2000 GV146     |2001 04 01.000|0.097822  |44.13767|  3.6745| 99.9764 | 44.9181 | 2000| 51.7669  | 7.6 | 0.15|   0.00
      2000 GX146     |2001 04 01.000|0.076539  |44.25771|  0.6736|344.6660 |306.8659 | 2000|267.6458  | 7.8 | 0.15|   0.00
      2000 GY146     |2001 04 01.000|0.023595  |43.89595|  2.6908| 13.4984 | 16.7073 | 2000|159.5998  | 7.9 | 0.15|   0.00
      2000 GE147     |2001 04 01.000|0.228178  |39.28358|  4.9944|154.7584 | 43.9209 | 2000|  0.1289  | 8.5 | 0.15|   0.00
      2000 GM147     |2000 04 06.000|0.191654  |39.58196| 18.0769| 96.1232 |173.8260 | 2000|292.9686  | 7.9 | 0.15|   0.00
      2000 GN171     |2001 04 01.000|0.294515  |39.58358| 10.8477| 26.0618 |201.3169 | 2000|344.2094  | 5.8 | 0.15|   0.00
      2000 GP183     |2001 04 01.000|0.064296  |39.62575|  4.9203| 23.3691 |210.3433 | 2000|337.3085  | 6.5 | 0.15|   0.00
      2000 JG81      |2001 04 01.000|0.275481  |47.13161| 23.5075| 45.9621 |169.6427 | 2000|  5.1779  | 7.9 | 0.15|   0.00
      2000 KK4       |2001 04 01.000|0.087625  |41.06104| 19.1314|145.9794 |301.3611 | 2000|149.6013  | 6.0 | 0.15|   0.00
      2000 KL4       |2001 04 01.000|0.055458  |38.36560| 21.3097|147.9431 |245.8161 | 2000|212.1998  | 7.8 | 0.15|   0.00
      2000 OB51      |2001 10 18.000|0.034133  |37.74875|  4.4617|126.8699 |212.6402 | 2000|339.4987  | 7.9 | 0.15|   0.00
      2000 OY51      |2001 10 18.000|0.236968  |43.53397| 11.2448|285.0592 | 83.6763 | 2000|308.3895  | 8.2 | 0.15|   0.00
      2000 OH67      |2001 04 01.000|0.104611  |44.38512|  5.6319| 77.9000 |326.3443 | 2000|286.9032  | 6.5 | 0.15|   0.00
      2000 OJ67      |2001 04 01.000|0.050945  |42.76094|  1.1156| 96.8103 |312.4103 | 2000|277.9774  | 5.9 | 0.15|   0.00
      2000 OK67      |2001 04 01.000|0.136670  |46.51661|  4.8800|  4.4365 |356.5047 | 2000|337.2421  | 6.0 | 0.15|   0.00
      2000 ON67      |2000 09 13.000|0.030499  |43.14707|  3.1342| 58.3317 | 65.4765 | 2000|214.4917  | 6.5 | 0.15|   0.00
      2000 OO67      |2001 10 18.000|0.962994  |561.4510| 20.0813|142.3508 |212.3341 | 2000|359.9054  | 9.2 | 0.15|   0.00
      2000 OU69      |2000 08 24.000|0.046376  |43.10358|  4.4206| 77.2724 |221.7896 | 2000|  0.0911  | 6.8 | 0.15|   0.00
      2000 PU29      |2001 10 18.000|0.017014  |42.27779|  0.7095|227.7336 |131.1304 | 2000|308.3343  | 8.1 | 0.15|   0.00
      2000 PV29      |2001 10 18.000|0.174436  |44.56126|  1.1757|173.4845 |223.0261 | 2000|290.3495  | 8.0 | 0.15|   0.00
      2000 PW29      |2001 10 18.000|0.087532  |43.72404|  1.7569|148.0194 | 72.6552 | 2000| 76.4166  | 8.3 | 0.15|   0.00
      2000 PX29      |2001 10 18.000|0.187270  |43.96660|  6.4119|135.3360 | 77.8728 | 2000| 72.6493  | 7.6 | 0.15|   0.00
      2000 PY29      |2001 10 18.000|0.058817  |44.10868|  0.8211| 44.8786 |116.7740 | 2000|155.8178  | 7.3 | 0.15|   0.00
      2000 PZ29      |2000 08 04.000|0.000000  |44.89958| 13.7601|319.1086 |358.9182 | 2000|  0.0000  | 7.5 | 0.15|   0.00
      2000 PA30      |2000 08 04.000|0.000000  |43.66248|  0.0937|100.5069 |216.6755 | 2000|  0.0000  | 7.8 | 0.15|   0.00
      2000 PB30      |2000 08 04.000|0.000000  |42.49782|  7.9325|131.0479 |185.7496 | 2000|  0.0000  | 8.1 | 0.15|   0.00
      2000 PC30      |2001 10 18.000|0.032703  |42.93660|  1.2524| 71.8708 |124.1205 | 2000|119.3695  | 7.6 | 0.15|   0.00
      2000 PD30      |2001 10 18.000|0.018181  |46.37247|  4.6129|330.5746 |310.3304 | 2000| 35.8816  | 7.0 | 0.15|   0.00
      2000 PE30      |2001 04 01.000|0.324645  |53.50822| 18.4315|127.3614 |152.3761 | 2000| 12.3172  | 6.3 | 0.15|   0.00
      2000 PF30      |2001 10 18.000|0.497993  |75.63443|  6.3304|293.7315 |337.5686 | 2000| 10.5809  | 7.9 | 0.15|   0.00
      2000 PG30      |2001 10 18.000|0.239098  |48.83698|  4.6421|130.1780 |272.7652 | 2000|290.2301  | 7.6 | 0.15|   0.00
      2000 PH30      |2000 08 04.000|0.066053  |45.32267|  9.5987|126.7865 |356.7914 | 2000|181.0380  | 7.9 | 0.15|   0.00
      2000 PJ30      |2001 10 18.000|0.758460  |118.7562|  5.7258|293.3169 |303.6491 | 2000|  8.0976  | 8.2 | 0.15|   0.00
      2000 PK30      |2000 08 04.000|0.176819  |42.41735| 32.2068|127.4730 |178.2774 | 2000|359.9959  | 7.3 | 0.15|   0.00
      2000 PL30      |2001 10 18.000|0.537573  |55.02777|  5.8840|326.0200 |105.9784 | 2000|311.6145  | 7.5 | 0.15|   0.00
      2000 PM30      |2001 10 18.000|0.062140  |43.88410|  2.2809|129.7819 | 63.0261 | 2000|120.2195  | 7.9 | 0.15|   0.00
      2000 PN30      |2001 10 18.000|0.099736  |44.54553|  1.5183| 15.6944 |330.3735 | 2000|337.5750  | 8.2 | 0.15|   0.00
      2000 PQ30      |2000 08 04.000|0.000000  |41.63897|  0.7726| 39.1423 |280.3338 | 2000|  0.0000  | 8.3 | 0.15|   0.00
      2000 PR30      |2000 08 04.000|0.074622  |42.32675|  0.7050|315.9396 |347.7599 | 2000|  0.0000  | 8.1 | 0.15|   0.00
      2000 PS30      |2000 08 04.000|0.457327  |64.46042|  2.7730| 72.9439 |243.4894 | 2000|  0.0000  | 8.8 | 0.15|   0.00
      2000 QB226     |2000 08 24.000|0.000000  |45.64375|  3.5369|  6.0054 |331.7189 | 2000|  0.0000  | 6.6 | 0.15|   0.00
      2000 QC226     |2000 10 03.000|0.000000  |42.48131|  2.6333| 98.7391 |239.1390 | 2000|  0.1424  | 6.8 | 0.15|   0.00
      2000 QD226     |2000 08 24.000|0.000000  |41.17060|  2.2499|334.6717 |  3.8155 | 2000|  0.0000  | 7.3 | 0.15|   0.00
      2000 QE226     |2000 10 03.000|0.000000  |45.94843|  1.2023|118.9002 |219.5805 | 2000|  0.1266  | 6.3 | 0.15|   0.00
      2000 QF226     |2000 08 24.000|0.000000  |46.49878|  2.2533| 41.0013 |296.9037 | 2000|  0.0000  | 8.3 | 0.15|   0.00
      2000 QG226     |2000 08 24.000|0.125386  |39.40656|  1.9488|131.8753 |107.9591 | 2000| 83.9870  | 7.8 | 0.15|   0.00
      2000 QH226     |2000 08 24.000|0.164470  |39.55493|  2.2045|354.4717 |343.9998 | 2000|359.9755  | 9.2 | 0.15|   0.00
      2000 QJ226     |2000 08 24.000|0.113867  |39.39352|  9.5355|153.5490 |106.6062 | 2000| 65.7957  | 8.1 | 0.15|   0.00
      2000 QK226     |2000 08 24.000|0.444240  |67.32533| 25.0262|158.1852 |180.4724 | 2000|359.9890  | 7.6 | 0.15|   0.00
      2000 QL226     |2000 08 24.000|0.213598  |39.27664|  2.1971|168.7689 | 78.3695 | 2000| 67.1866  | 8.4 | 0.15|   0.00
      2000 QC243     |2001 10 18.000|0.204331  |16.52332| 20.7625|337.8475 |150.6279 | 2000|222.2233  | 7.4 | 0.15|   0.00
      2000 QL251     |2000 08 24.000|0.102241  |42.95073|  3.7248|222.2848 |127.4769 | 2000|359.9965  | 6.6 | 0.15|   0.00
      2000 QM251     |2000 08 24.000|0.279099  |39.36946| 18.2241|355.5415 |272.0011 | 2000| 56.1818  | 7.1 | 0.15|   0.00
      2000 QN251     |2000 08 24.000|0.193518  |39.38858|  0.2605| 72.5164 |195.7878 | 2000| 64.6848  | 7.1 | 0.15|   0.00
      2000 SF331     |2000 10 23.000|0.000000  |44.02004|  4.0859| 91.6944 |327.6877 | 2000|  0.1350  | 7.4 | 0.15|   0.00
      2000 SR331     |2000 12 02.000|0.447314  |56.33369|  4.2505|194.5229 |239.5034 | 2000|355.1695  | 8.9 | 0.15|   0.00
      2000 SW370     |2000 09 13.000|0.085464  |43.80494|  5.6414|134.0543 |183.5915 | 2000|359.9659  | 8.5 | 0.15|   0.00
      2000 SX370     |2000 09 13.000|0.000000  |45.04304| 18.3785|300.8220 |  3.2649 | 2000|  0.0000  | 8.2 | 0.15|   0.00
      2000 SY370     |2000 09 13.000|0.000000  |44.52635|  2.1490|275.8236 | 28.2383 | 2000|  0.0000  | 7.9 | 0.15|   0.00
      2000 WV12      |2000 12 02.000|0.000000  |44.99725|  2.2354|115.6877 |300.6069 | 2000|  0.0653  | 6.8 | 0.15|   0.00
      2000 WW12      |2000 12 02.000|0.070609  |42.50821|  2.4685|159.3796 |256.8504 | 2000|  0.0289  | 7.6 | 0.15|   0.00
      2000 WX12      |2000 12 02.000|0.137551  |43.77173| 11.8128| 70.4865 |345.8400 | 2000|  0.0276  | 7.6 | 0.15|   0.00
      2000 WR106     |2001 04 01.000|0.055507  |43.27350| 17.1281| 97.2847 |274.9240 | 2000| 81.7367  | 3.7 | 0.15|   0.00
      2000 WT169     |2000 12 22.000|0.011095  |45.37351|  1.7715|109.7034 |318.4632 | 2000|  0.1290  | 6.1 | 0.15|   0.00
      2000 WK183     |2000 12 22.000|0.034017  |44.66060|  1.9698|185.6945 |238.6464 | 2000|  0.1321  | 6.4 | 0.15|   0.00
      2000 WL183     |2000 11 12.000|0.000000  |45.03629|  5.0029| 89.1087 |334.5556 | 2000|  0.0000  | 7.6 | 0.15|   0.00
      2000 WM183     |2000 12 22.000|0.117240  |44.73667|  7.4429| 81.2331 |162.6153 | 2000|180.1108  | 7.1 | 0.15|   0.00
      2000 WN183     |2000 12 22.000|0.043854  |44.09815|  4.0619| 96.4898 |208.3087 | 2000|114.8291  | 7.0 | 0.15|   0.00
      2000 WO183     |2000 12 22.000|0.000000  |41.95454|  2.5165|118.0322 |306.1926 | 2000|  0.1451  | 7.3 | 0.15|   0.00
      2000 YU1       |2000 12 02.000|0.000000  |44.33166|  4.3195|194.5027 |220.8420 | 2000|  0.0000  | 7.0 | 0.15|   0.00
      2000 YV1       |2000 12 22.000|0.000000  |45.05444|  0.8083|190.7930 |223.7458 | 2000|  0.0652  | 7.0 | 0.15|   0.00
      2000 YW1       |2000 12 02.000|0.000000  |42.91966|  1.1546| 87.2140 |327.6755 | 2000|  0.0000  | 7.0 | 0.15|   0.00
      2000 YX1       |2001 01 11.000|0.078700  |46.02496|  4.5206| 65.1661 |350.1130 | 2000|  0.1263  | 6.8 | 0.15|   0.00
      2000 YY1       |2000 12 02.000|0.000000  |44.35069| 10.2273|216.1598 |200.1109 | 2000|  0.0000  | 7.0 | 0.15|   0.00
      2000 YZ1       |2000 12 02.000|0.000000  |42.11156|  4.6888|105.1290 |310.5114 | 2000|  0.0000  | 7.9 | 0.15|   0.00
      2000 YA2       |2001 01 11.000|0.000000  |44.35881|  1.8639|145.6561 |268.2746 | 2000|  0.1334  | 6.6 | 0.15|   0.00
      2000 YB2       |2001 01 11.000|0.039073  |39.71893|  3.7972|137.6412 |278.9980 | 2000|  0.1022  | 6.8 | 0.15|   0.00
      2000 YC2       |2001 01 11.000|0.313877  |56.35855| 19.5580|227.4838 |188.6896 | 2000|  0.0585  | 7.4 | 0.15|   0.00
      2000 YD2       |2000 12 02.000|0.103301  |42.93655| 21.5187| 65.3163 |349.7294 | 2000|359.9478  | 7.9 | 0.15|   0.00
      2000 YE2       |2000 12 02.000|0.048050  |42.59732|  4.8277|227.2215 |189.7148 | 2000|359.9471  | 8.0 | 0.15|   0.00
      2000 YF2       |2001 01 11.000|0.014025  |46.20188|  2.0253| 81.0628 |155.9053 | 2000|180.1536  | 6.9 | 0.15|   0.00
      2000 YG2       |2000 12 02.000|0.085227  |42.82280| 24.7064|235.8705 |181.7828 | 2000|359.9475  | 7.7 | 0.15|   0.00
      2000 YH2       |2001 01 11.000|0.436602  |44.52656| 12.1290|218.4552 |161.9129 | 2000| 13.0371  | 8.2 | 0.15|   0.00
      2000 YB29      |2000 12 22.000|0.310211  |39.39537|  7.7008|283.7249 |356.7233 | 2000| 50.3311  | 7.9 | 0.15|   0.00
      2000 YW134     |2001 01 11.000|0.136729  |44.22833| 23.2573|125.3659 |256.4581 | 2000| 78.9566  | 5.1 | 0.15|   0.00
      2000 YQ142     |2000 12 22.000|0.282848  |39.51003| 23.7567| 33.6065 | 90.5535 | 2000|307.8511  | 7.6 | 0.15|   0.00
      2000 YY142     |2000 12 22.000|0.099082  |44.89972|  2.3919|121.9997 | 13.8208 | 2000|359.9955  | 7.3 | 0.15|   0.00
      2001 BL41      |2001 01 31.000|0.301475  |9.815888| 12.4974|281.3174 |132.0995 | 2000| 35.2223  |11.7 | 0.15|   0.00
      2001 CZ31      |2001 02 20.000|0.077055  |44.85976| 10.2429|136.2077 |359.8498 | 2000|357.6088  | 5.5 | 0.15|   0.00
      2001 DB106     |2001 02 20.000|0.000000  |44.25407|  3.0558|121.9601 | 37.3886 | 2000|  0.0000  | 6.7 | 0.15|   0.00
      2001 DC106     |2001 02 20.000|0.074255  |43.62174|  1.9257|121.6424 | 38.7467 | 2000|  0.0000  | 6.3 | 0.15|   0.00
      2001 DD106     |2001 02 20.000|0.058437  |43.13564|  1.7360|121.3118 | 39.4870 | 2000|  0.0000  | 6.5 | 0.15|   0.00
      2001 DR106     |2001 02 20.000|0.000000  |44.46476|  1.5228|151.5709 |  1.4573 | 2000|  0.0000  | 8.3 | 0.15|   0.00
      2001 DS106     |2001 02 20.000|0.000000  |42.57092|  6.2520|156.1676 |357.1546 | 2000|  0.0000  | 8.3 | 0.15|   0.00
      2001 ES24      |2001 03 12.000|0.000000  |46.19240|  4.0380|111.6360 | 47.9011 | 2000|  0.0628  | 7.5 | 0.15|   0.00
      2001 FU172     |2001 04 21.000|0.273577  |39.31178| 24.8462| 32.4246 |131.2669 | 2000| 24.6631  | 8.2 | 0.15|   0.00
      2001 FZ173     |2001 04 01.000|0.622290  |87.99011| 12.2301|  2.5685 |175.5611 | 2000|  0.0095  | 6.2 | 0.15|   0.00
      2001 FB185     |2001 03 12.000|0.087036  |43.17582|  4.3376|127.8674 | 26.2521 | 2000|359.9482  |10.4 | 0.15|   0.00
      2001 FC185     |2001 03 12.000|0.102056  |42.94577| 20.0071|150.0685 |  4.7051 | 2000|359.9475  | 8.1 | 0.15|   0.00
      2001 FK185     |2001 04 21.000|0.071313  |44.72736|  1.1242| 58.5942 |140.8163 | 2000|  0.0886  | 7.8 | 0.15|   0.00
      2001 FL185     |2001 04 01.000|0.041395  |42.87293|  3.5631| 76.0536 | 83.7728 | 2000|  0.0214  | 7.2 | 0.15|   0.00
      2001 FM185     |2001 04 01.000|0.150148  |44.72354|  4.9014|149.7612 | 11.5745 | 2000|  0.0200  | 7.5 | 0.15|   0.00
      2001 FN185     |2001 04 21.000|0.101323  |43.79437| 21.2823|203.4174 |354.7442 | 2000|  0.0879  | 7.7 | 0.15|   0.00
      2001 FO185     |2001 04 21.000|0.092620  |45.49359| 10.7493|205.7052 |353.7069 | 2000|  0.0830  | 7.4 | 0.15|   0.00
      2001 FP185     |2001 04 21.000|0.838508  |212.2315| 30.8442|179.3504 |  6.3101 | 2000|359.7164  | 6.3 | 0.15|   0.00
      2001 FQ185     |2001 04 21.000|0.200812  |46.38473|  3.2466|135.3568 | 53.1840 | 2000|  0.0806  | 6.9 | 0.15|   0.00
      2001 FR185     |2001 04 21.000|0.071248  |36.54164|  5.6430|287.0202 |327.7293 | 2000|313.5219  | 8.3 | 0.15|   0.00
      2001 FS185     |2001 04 21.000|0.042166  |43.25067|  4.6009| 97.3798 |109.6199 | 2000|  0.0895  | 7.7 | 0.15|   0.00
      2001 FU185     |2001 04 21.000|0.114434  |39.36077| 24.5523|192.2993 |351.8767 | 2000|  0.1036  | 9.0 | 0.15|   0.00
      2001 FV185     |2001 04 21.000|0.125375  |39.37937| 24.2236| 13.1022 |171.6469 | 2000|  0.1031  | 7.7 | 0.15|   0.00
      2001 HZ58      |2001 05 11.000|0.000000  |43.09743|  2.9189| 89.0610 |127.3103 | 2000|  0.1393  | 6.8 | 0.15|   0.00
      2001 HA59      |2001 04 21.000|0.000000  |44.81701|  1.0212|150.3790 | 66.5035 | 2000|  0.0000  | 6.5 | 0.15|   0.00
      2001 HY65      |2001 04 21.000|0.189138  |44.68480| 16.9895|188.1904 | 52.7664 | 2000|320.2802  | 6.8 | 0.15|   0.00
      2001 KE76      |2001 05 31.000|0.000000  |42.90676|  0.5009|112.4938 |125.6217 | 2000|  0.0000  | 7.0 | 0.15|   0.00
      2001 KF76      |2001 06 20.000|0.000000  |44.41029|  3.2424| 51.0413 |191.9469 | 2000|  0.0666  | 7.0 | 0.15|   0.00
      2001 KG76      |2001 05 31.000|0.000000  |44.03482|  1.6039| 94.7955 |148.7074 | 2000|  0.0000  | 6.4 | 0.15|   0.00
      2001 KH76      |2001 05 31.000|0.000000  |44.78115|  3.2921|261.4719 |347.1183 | 2000|  0.0000  | 6.3 | 0.15|   0.00
      2001 KJ76      |2001 05 31.000|0.000000  |42.73175|  6.8092| 47.8237 |193.7942 | 2000|  0.0000  | 6.6 | 0.15|   0.00
      2001 KK76      |2001 05 31.000|0.000000  |42.23687|  1.8790| 87.0447 |160.8016 | 2000|  0.0000  | 6.4 | 0.15|   0.00
      2001 KL76      |2001 06 20.000|0.101746  |43.97703|  1.3797|254.9168 |175.4124 | 2000|170.7190  | 6.7 | 0.15|   0.00
      2001 KM76      |2001 05 31.000|0.075005  |44.87062|  1.4236|127.3117 |121.1775 | 2000|  0.0295  | 7.1 | 0.15|   0.00
      2001 KN76      |2001 05 31.000|0.093249  |44.63561|  2.5519|321.3111 |252.1723 | 2000|  0.0272  | 6.8 | 0.15|   0.00
      2001 KO76      |2001 05 31.000|0.000000  |45.47324|  2.2058| 44.1385 |176.2408 | 2000|  0.0000  | 7.0 | 0.15|   0.00
      2001 KP76      |2001 05 31.000|0.000000  |43.87347|  6.9901| 42.1906 |199.8916 | 2000|  0.0000  | 6.3 | 0.15|   0.00
      2001 KQ76      |2001 05 31.000|0.029525  |42.84204|  6.1453| 47.9936 |165.2207 | 2000|  0.0254  | 6.8 | 0.15|   0.00
      2001 KR76      |2001 05 31.000|0.069414  |46.66657| 17.9083|208.4486 |187.5154 | 2000|180.0693  | 5.7 | 0.15|   0.00
      2001 KS76      |2001 05 31.000|0.092251  |43.63220|  2.7938|158.6211 | 58.6527 | 2000|  0.0246  | 7.5 | 0.15|   0.00
      2001 KT76      |2001 05 31.000|0.000000  |42.60795|  1.8123|186.6294 | 31.0005 | 2000|  0.0000  | 7.3 | 0.15|   0.00
      2001 KU76      |2001 05 31.000|0.116328  |43.68960| 10.7378| 44.9478 |172.5057 | 2000|  0.0245  | 6.8 | 0.15|   0.00
      2001 KV76      |2001 05 31.000|0.063272  |43.15505| 18.1266| 39.3445 |178.6312 | 2000|  0.0250  | 7.9 | 0.15|   0.00
      2001 KX76      |2001 10 18.000|0.245690  |39.29310| 19.6925| 71.0131 |301.0158 | 2000|258.7852  | 3.2 | 0.15|   0.00
      2001 KA77      |2001 06 20.000|0.050127  |46.60985| 12.0153|239.2289 |186.2323 | 2000|183.3888  | 5.1 | 0.15|   0.00
      2001 KB77      |2001 05 31.000|0.427681  |52.80470| 14.4865|224.1036 |353.9277 | 2000|  0.0209  | 7.5 | 0.15|   0.00
      2001 KC77      |2001 05 31.000|0.456748  |64.44191| 12.2162| 57.7704 |181.1965 | 2000|  0.0153  | 7.2 | 0.15|   0.00
      2001 KD77      |2001 06 20.000|0.224218  |41.32435|  2.2443|139.6856 |168.9311 | 2000|320.8784  | 5.5 | 0.15|   0.00
      2001 KE77      |2001 05 31.000|0.568837  |85.84424| 16.6947|237.7063 | 12.2319 | 2000|  0.0087  | 7.8 | 0.15|   0.00
      2001 KF77      |2001 06 20.000|0.426788  |28.55810|  4.4887| 15.1956 |114.2177 | 2000| 38.9794  | 9.5 | 0.15|   0.00
      2001 KG77      |2001 06 20.000|0.440930  |60.62120| 15.6013|250.4192 | 16.9591 | 2000|350.8797  | 8.1 | 0.15|   0.00
      2001 OJ108     |2001 07 10.000|0.091277  |44.90978|  9.0942|118.5009 |185.6573 | 2000|359.9538  | 7.8 | 0.15|   0.00
      2001 OK108     |2001 07 10.000|0.000000  |42.22363|  3.4013|118.9383 |185.8118 | 2000|  0.0000  | 7.3 | 0.15|   0.00
      2001 OL108     |2001 07 10.000|0.107459  |45.91929|  1.5236|107.3169 |198.0650 | 2000|359.9552  | 8.4 | 0.15|   0.00
      2001 OM108     |2001 07 10.000|0.037178  |45.55783| 13.2451|126.7430 |  0.0500 | 2000|180.1749  | 7.7 | 0.15|   0.00
      2001 ON108     |2001 07 10.000|0.000000  |43.84008|  1.9310|161.5489 |144.6101 | 2000|  0.0000  | 7.6 | 0.15|   0.00
      2001 OO108     |2001 07 10.000|0.083052  |44.87648|  1.2606| 20.5257 |298.4999 | 2000|359.9464  | 7.8 | 0.15|   0.00
      2001 OQ108     |2001 07 30.000|0.000000  |45.87276|  2.3153|127.4543 | 88.3856 | 2000|  0.0634  | 6.6 | 0.15|   0.00
      2001 OR108     |2001 07 10.000|0.095545  |44.98267| 26.2780|321.9589 |174.3151 | 2000|181.6373  | 7.1 | 0.15|   0.00
      2001 OS108     |2001 07 30.000|0.000000  |46.45306|  1.4924|274.6167 | 32.1828 | 2000|  0.0623  | 6.8 | 0.15|   0.00
      2001 OT108     |2001 07 10.000|0.515640  |66.95119|  1.3941|129.3310 |177.2900 | 2000|359.9727  | 9.2 | 0.15|   0.00
      2001 OU108     |2001 07 30.000|0.000000  |46.75398| 27.4923|320.0737 |359.5040 | 2000|  0.0617  | 6.5 | 0.15|   0.00
      2001 OY108     |2001 07 10.000|0.098707  |46.05097|  6.7931| 58.2133 |  5.1144 | 2000|179.5687  | 7.4 | 0.15|   0.00
      2001 OZ108     |2001 07 10.000|0.000000  |43.85860|  1.9828|130.6086 |174.7477 | 2000|  0.0000  | 8.3 | 0.15|   0.00
      2001 PT13      |2001 10 18.000|0.197719  |10.63546| 20.3519|205.3158 | 86.8977 | 2000| 27.4215  | 9.1 | 0.15|   0.00
      2001 PK47      |2001 07 30.000|0.134150  |43.71302|  9.5716|239.4305 |125.8774 | 2000|359.9545  | 6.1 | 0.15|   0.00
