  719 Albert         |2001 10 18.000|0.547834  |2.636114| 11.3064|184.9189 |154.3044 | 2000| 13.2356  |15.8 | 0.15|   0.00
 1566 Icarus         |2001 10 18.000|0.826882  |1.077888| 22.8621| 88.1026 | 31.2698 | 2000|323.7773  |16.9 | 0.15|   0.00
 1580 Betulia        |2001 10 18.000|0.487653  |2.197145| 52.0826| 62.3489 |159.4716 | 2000|296.5954  |14.52| 0.00|   0.00
 1620 Geographos     |2001 10 18.000|0.335614  |1.245442| 13.3405|337.3131 |276.7738 | 2000| 93.2814  |15.60| 0.15|   0.00
 1627 Ivar           |2001 10 18.000|0.396549  |1.864121|  8.4431|133.2277 |167.5446 | 2000|141.5187  |13.2 | 0.60|   0.00
 1865 Cerberus       |2001 10 18.000|0.466884  |1.080028| 16.0900|213.0145 |325.1601 | 2000|152.0128  |16.84| 0.15|   0.00
 1866 Sisyphus       |2001 10 18.000|0.538852  |1.893842| 41.1683| 63.6637 |293.0210 | 2000| 52.0498  |13.0 | 0.15|   0.00
 1916 Boreas         |2001 10 18.000|0.449159  |2.272903| 12.8434|340.8950 |335.2901 | 2000| 24.7529  |14.93| 0.15|   0.00
 1917 Cuyo           |2001 10 18.000|0.503946  |2.150864| 23.9325|188.4318 |194.3538 | 2000|288.9505  |13.9 | 0.15|   0.00
 1943 Anteros        |2001 10 18.000|0.255814  |1.430218|  8.7049|246.4316 |338.2210 | 2000|230.2723  |15.75| 0.15|   0.00
 2061 Anza           |2001 10 18.000|0.536515  |2.265449|  3.7659|207.7824 |156.4344 | 2000| 14.6824  |16.56| 0.15|   0.00
 2102 Tantalus       |2001 10 18.000|0.298779  |1.289964| 64.0118| 94.3932 | 61.5935 | 2000|187.6312  |16.2 | 0.15|   0.00
 2201 Oljato         |2001 10 18.000|0.713065  |2.171440|  2.5170| 76.6486 | 96.1929 | 2000|272.4968  |15.25| 0.15|   0.00
 2212 Hephaistos     |2001 10 18.000|0.834208  |2.165755| 11.7635| 28.3623 |208.4806 | 2000|103.5462  |13.87| 0.15|   0.00
 2938 Hopi           |2001 10 18.000|0.333344  |3.147435| 41.4230|109.2803 |263.0704 | 2000|255.9081  |11.5 | 0.15|   0.00
 3103 Eger           |2001 10 18.000|0.354383  |1.405304| 20.9338|129.8732 |253.8952 | 2000| 10.7241  |15.38| 0.15|   0.00
 3200 Phaethon       |2001 10 18.000|0.890010  |1.271336| 22.1657|265.4409 |321.9743 | 2000|233.2141  |14.6 | 0.15|   0.00
 3288 Seleucus       |2001 10 18.000|0.457111  |2.032954|  5.9310|218.7894 |349.1830 | 2000|264.7463  |15.3 | 0.15|   0.00
 3361 Orpheus        |2001 10 18.000|0.322700  |1.209240|  2.6832|189.7355 |301.5867 | 2000|282.4976  |19.03| 0.15|   0.00
 3362 Khufu          |2001 10 18.000|0.468528  |0.989642|  9.9127|152.5868 | 54.8977 | 2000|228.7233  |18.3 | 0.15|   0.00
 3551 Verenia        |2001 10 18.000|0.486614  |2.093105|  9.5024|173.9624 |193.1452 | 2000|348.4492  |16.75| 0.15|   0.00
 3552 Don Quixote    |2001 10 18.000|0.713763  |4.232775| 30.8114|350.6056 |316.7345 | 2000| 33.1959  |13.0 | 0.15|   0.00
 3553 Mera           |2001 10 18.000|0.320314  |1.644703| 36.7648|232.6156 |288.8369 | 2000|324.0409  |16.5 | 0.15|   0.00
 3691 Bede           |2001 10 18.000|0.284132  |1.774201| 20.3697|348.8721 |234.7744 | 2000| 82.3180  |14.9 | 0.15|   0.00
 3753 Cruithne       |2001 10 18.000|0.514770  |0.997752| 19.8092|126.3270 | 43.6984 | 2000|281.2044  |15.1 | 0.15|   0.00
 3800 Karayusuf      |2001 10 18.000|0.075583  |1.578084| 14.8475| 95.5350 |115.4119 | 2000|246.7155  |15.4 | 0.15|   0.00
 3838 Epona          |2001 10 18.000|0.702069  |1.504647| 29.2772|235.7360 | 49.4532 | 2000| 61.0998  |15.5 | 0.15|   0.00
 4183 Cuno           |2001 10 18.000|0.635923  |1.981794|  6.7531|295.6874 |235.3751 | 2000| 90.2569  |14.4 | 0.15|   0.00
 4197 1982 TA        |2001 10 18.000|0.771629  |2.300760| 12.2136| 10.0409 |119.3766 | 2000|141.0393  |14.6 | 0.15|   0.00
 4341 Poseidon       |2001 10 18.000|0.678798  |1.835502| 11.8550|108.1791 | 15.5443 | 2000|314.2911  |15.5 | 0.15|   0.00
 4401 Aditi          |2001 10 18.000|0.567508  |2.575776| 26.7098| 23.3415 | 67.7888 | 2000|295.0253  |15.8 | 0.15|   0.00
 4450 Pan            |2001 10 18.000|0.586767  |1.441422|  5.5265|312.1039 |291.5180 | 2000| 91.8439  |17.2 | 0.15|   0.00
 4596 1981 QB        |2001 10 18.000|0.519033  |2.239607| 37.1116|154.4616 |248.3098 | 2000|339.9159  |16.0 | 0.15|   0.00
 4660 Nereus         |2001 10 18.000|0.360440  |1.489506|  1.4241|314.7429 |157.9421 | 2000|312.0814  |18.2 | 0.15|   0.00
 4769 Castalia       |2001 10 18.000|0.483280  |1.063218|  8.8887|325.7079 |121.2663 | 2000|332.3319  |16.9 | 0.15|   0.00
 4953 1990 MU        |2001 10 18.000|0.657213  |1.620977| 24.4120| 77.9697 | 77.5104 | 2000|234.0250  |14.1 | 0.15|   0.00
 4954 Eric           |2001 10 18.000|0.448258  |2.001463| 17.4717|358.7018 | 52.2026 | 2000|304.2592  |12.6 | 0.15|   0.00
 5066 Garradd        |2001 10 18.000|0.154605  |1.936059| 41.4584| 82.3767 |184.4057 | 2000| 66.1385  |14.1 | 0.15|   0.00
 5131 1990 BG        |2001 10 18.000|0.569855  |1.485899| 36.3989|110.4740 |135.7440 | 2000|108.2421  |14.1 | 0.15|   0.00
 5143 Heracles       |2001 10 18.000|0.772541  |1.832479|  9.1352|310.3399 |226.8443 | 2000|311.0240  |14.0 | 0.15|   0.00
 5164 Mullo          |2001 10 18.000|0.504951  |3.645627| 19.8376| 55.4161 | 65.7264 | 2000|135.9724  |13.1 | 0.15|   0.00
 5261 Eureka         |2001 10 18.000|0.064782  |1.523570| 20.2818|245.1248 | 95.3175 | 2000|300.0058  |16.1 | 0.15|   0.00
 5332 1990 DA        |2001 10 18.000|0.456112  |2.164338| 25.4307|143.1334 |305.5513 | 2000|258.6455  |13.9 | 0.15|   0.00
 5381 Sekhmet        |2001 10 18.000|0.296088  |0.947463| 48.9725| 58.5716 | 37.4316 | 2000|221.8741  |16.5 | 0.15|   0.00
 5587 1990 SB        |2001 10 18.000|0.548400  |2.391451| 18.0967|190.5337 | 86.1874 | 2000| 30.5710  |13.6 | 0.15|   0.00
 5645 1990 SP        |2001 10 18.000|0.387340  |1.354761| 13.5129| 45.8699 | 48.0577 | 2000|314.9632  |17.0 | 0.15|   0.00
 5653 Camarillo      |2001 10 18.000|0.304064  |1.794114|  6.8748| 10.1046 |122.3025 | 2000|219.2217  |15.4 | 0.15|   0.00
 5731 Zeus           |2001 10 18.000|0.653335  |2.262663| 11.4391|281.8033 |216.9324 | 2000|256.4987  |15.8 | 0.15|   0.00
 5786 Talos          |2001 10 18.000|0.826732  |1.081467| 23.2359|161.3456 |  8.2994 | 2000|116.2515  |17.0 | 0.15|   0.00
 5836 1993 MF        |2001 10 18.000|0.531536  |2.445376|  8.0291|241.1140 | 74.8498 | 2000| 53.7842  |13.9 | 0.15|   0.00
 5879 Almeria        |2001 10 18.000|0.289342  |1.624575| 21.5722|145.9284 |355.5453 | 2000|245.2519  |17.9 | 0.15|   0.00
 6047 1991 TB1       |2001 10 18.000|0.352128  |1.454057| 23.4697|  6.2115 |103.6457 | 2000|201.8547  |17.0 | 0.15|   0.00
 6050 1992 AE        |2001 10 18.000|0.436415  |2.202984|  6.4007| 88.5123 |284.6464 | 2000| 20.8615  |15.4 | 0.15|   0.00
 6053 1993 BW3       |2001 10 18.000|0.529036  |2.147148| 21.5978|318.6230 | 74.6361 | 2000|330.6429  |15.1 | 0.15|   0.00
 6063 Jason          |2001 10 18.000|0.763037  |2.219072|  4.8498|169.8768 |336.5451 | 2000|110.6811  |15.3 | 0.15|   0.00
 6178 1986 DA        |2001 10 18.000|0.585790  |2.810727|  4.3074| 64.8262 |127.1260 | 2000|102.4361  |15.1 | 0.15|   0.00
 6564 Asher          |2001 10 18.000|0.266582  |1.881434| 45.2979|194.6398 |330.4287 | 2000|247.1598  |15.9 | 0.15|   0.00
 6611 1993 VW        |2001 10 18.000|0.484567  |1.694999|  8.6877|231.1712 |281.0576 | 2000|166.2438  |16.5 | 0.15|   0.00
 7096 Napier         |2001 10 18.000|0.503327  |2.775880| 11.2251|148.7808 |255.0985 | 2000|334.9210  |15.3 | 0.15|   0.00
 7335 1989 JA        |2001 10 18.000|0.484232  |1.770654| 15.2309| 61.5762 |231.8552 | 2000| 76.1475  |17.0 | 0.15|   0.00
 7341 1991 VK        |2001 10 18.000|0.506499  |1.842784|  5.4214|295.0433 |173.2388 | 2000|326.7729  |16.7 | 0.15|   0.00
 7350 1993 VA        |2001 10 18.000|0.391257  |1.356043|  7.2594|133.2265 |336.4856 | 2000|339.9671  |17.3 | 0.15|   0.00
 7358 1995 YA3       |2001 10 18.000|0.501119  |2.199241|  4.6608|266.4224 | 91.0312 | 2000|332.3053  |14.4 | 0.15|   0.00
 7467 1989 WQ1       |2001 10 18.000|0.126520  |1.654137| 15.9029| 69.1769 | 41.5132 | 2000|175.3862  |15.2 | 0.15|   0.00
 7889 1994 LX        |2001 10 18.000|0.346375  |1.261403| 36.9064|111.3254 |349.0791 | 2000|253.9072  |15.3 | 0.15|   0.00
 8035 1992 TB        |2001 10 18.000|0.462215  |1.341890| 28.3048|185.6936 |  5.9724 | 2000| 87.6460  |17.3 | 0.15|   0.00
 8176 1991 WA        |2001 10 18.000|0.642574  |1.575200| 39.6515| 66.7310 |241.7500 | 2000| 31.8376  |17.1 | 0.15|   0.00
 9856 1991 EE        |2001 10 18.000|0.624414  |2.245395|  9.7624|169.1066 |115.0739 | 2000| 13.7087  |17.4 | 0.15|   0.00
10150 1994 PN        |2001 10 18.000|0.540131  |2.376117| 46.0407|113.2021 |233.9150 | 2000|326.8996  |15.8 | 0.15|   0.00
10563 Izhdubar       |2001 10 18.000|0.266512  |1.006775| 63.4641| 56.5842 |132.2524 | 2000|191.9600  |16.9 | 0.15|   0.00
11054 1991 FA        |2001 10 18.000|0.447090  |1.978216|  3.0802|339.4873 | 91.8579 | 2000|340.4246  |17.2 | 0.15|   0.00
11398 1998 YP11      |2001 10 18.000|0.388641  |1.720604| 15.0316|144.9612 | 74.4567 | 2000| 39.0328  |16.3 | 0.15|   0.00
11405 1999 CV3       |2001 10 18.000|0.394048  |1.459436| 22.8555|141.4032 | 96.2419 | 2000|138.5840  |15.0 | 0.15|   0.00
11500 1989 UR        |2001 10 18.000|0.355803  |1.080197| 10.3090|234.5732 |289.2467 | 2000|146.6601  |18.4 | 0.15|   0.00
11885 1990 SS        |2001 10 18.000|0.474978  |1.702651| 19.4095|  0.0197 |115.8973 | 2000|294.6211  |18.6 | 0.15|   0.00
12538 1998 OH        |2001 10 18.000|0.406051  |1.541567| 24.5110|220.8357 |321.5782 | 2000|311.5258  |16.1 | 0.15|   0.00
12929 1999 TZ1       |2001 10 18.000|0.041287  |5.198919| 43.5275|200.2734 |133.5007 | 2000| 72.8959  | 9.3 | 0.15|   0.00
16834 1997 WU22      |2001 10 18.000|0.442093  |1.467959| 15.9809|260.8979 |334.1833 | 2000|272.1996  |15.7 | 0.15|   0.00
16868 1998 AK8       |2001 10 18.000|0.181873  |1.797934| 48.2300|126.8392 | 11.6299 | 2000|195.3401  |16.5 | 0.15|   0.00
16958 1998 PF        |2001 10 18.000|0.287813  |2.008151| 41.9616|152.4698 | 53.5451 | 2000|127.1904  |14.9 | 0.15|   0.00
16960 1998 QS52      |2001 10 18.000|0.859164  |2.198727| 17.7066|261.3553 |242.0753 | 2000|293.3902  |14.3 | 0.15|   0.00
17511 1992 QN        |2001 10 18.000|0.359016  |1.190395|  9.5879|356.0331 |202.2351 | 2000|113.8327  |17.1 | 0.15|   0.00
18736 1998 NU        |2001 10 18.000|0.487505  |2.354817|  2.8595|298.8096 |220.8033 | 2000| 68.2655  |16.1 | 0.15|   0.00
18882 1999 YN4       |2001 10 18.000|0.231725  |1.685035| 36.8217|291.7769 |242.6173 | 2000|225.1971  |16.3 | 0.15|   0.00
19844 2000 ST317     |2001 10 18.000|0.049092  |5.190172| 40.4366|207.5291 |105.7508 | 2000| 79.2973  |11.0 | 0.15|   0.00
20236 1998 BZ7       |2001 10 18.000|0.556753  |2.037553|  6.4926|111.9837 |103.5962 | 2000| 74.7468  |17.6 | 0.15|   0.00
20429 1998 YN1       |2001 10 18.000|0.464265  |1.556105|  6.2979| 61.8553 |147.4714 | 2000| 97.2644  |18.0 | 0.15|   0.00
20826 2000 UV13      |2001 10 18.000|0.625962  |2.433675| 31.9526|347.6227 |198.1148 | 2000| 64.9238  |13.5 | 0.15|   0.00
21374 1997 WS22      |2001 10 18.000|0.120856  |1.269695| 23.9839| 59.2862 |196.9855 | 2000| 61.4240  |17.3 | 0.15|   0.00
22099 2000 EX106     |2001 10 18.000|0.276078  |1.104136|  9.8433|136.5770 |186.4251 | 2000| 25.9831  |18.0 | 0.15|   0.00
22771 1999 CU3       |2001 10 18.000|0.524716  |1.576974| 11.3985|339.2319 |305.5103 | 2000| 34.6839  |17.0 | 0.15|   0.00
23606 1996 AS1       |2001 10 18.000|0.361363  |1.749599| 14.3660|296.7444 |357.2701 | 2000| 14.2287  |18.5 | 0.15|   0.00
23714 1998 EC3       |2001 10 18.000|0.514957  |2.129374|  8.3730|128.2495 |128.4712 | 2000| 19.8507  |16.7 | 0.15|   0.00
25143 1998 SF36      |2001 10 18.000|0.279612  |1.322691|  1.7280| 70.9206 |161.0279 | 2000|107.8134  |19.2 | 0.15|   0.00
25330 1999 KV4       |2001 10 18.000|0.370843  |1.540921| 14.3313| 50.7367 | 85.8024 | 2000|119.2652  |16.8 | 0.15|   0.00
26166 1995 QN3       |2001 10 18.000|0.644087  |3.303837| 14.7926|185.8028 | 62.8448 | 2000| 30.6038  |17.3 | 0.15|   0.00
26310 1998 TX6       |2001 10 18.000|0.470464  |2.138633|  5.3623|211.5770 | 97.8655 | 2000| 19.5253  |19.2 | 0.15|   0.00
26677 2001 EJ18      |2001 10 18.000|0.018745  |1.539543| 27.7493| 67.5868 |148.6253 | 2000| 94.2925  |16.5 | 0.15|   0.00
26760 2001 KP41      |2001 10 18.000|0.554067  |2.862220| 10.9133|146.7523 |154.6088 | 2000| 18.3969  |15.5 | 0.15|   0.00
26817 1987 QB        |2001 10 18.000|0.596899  |2.797455|  3.4753|153.5258 |156.1801 | 2000| 14.5065  |19.5 | 0.15|   0.00
27031 1998 RO4       |2001 10 18.000|0.427010  |2.138456|  5.3376|192.2984 |111.1684 | 2000| 17.4796  |17.9 | 0.15|   0.00
27234 1999 RC2       |2001 10 18.000|0.148490  |1.619192| 24.5162|330.9960 |347.6338 | 2000| 31.7215  |16.1 | 0.15|   0.00
27346 2000 DN8       |2001 10 18.000|0.398833  |1.875222| 36.9461|135.3628 |269.2330 | 2000|310.6544  |16.0 | 0.15|   0.00
      1950 DA        |2001 10 18.000|0.507591  |1.698707| 12.1844|356.8180 |224.5086 | 2000| 83.7249  |17.1 | 0.15|   0.00
      1977 OX        |2001 10 18.000|0.496074  |3.339967| 16.2074|101.1273 |226.3789 | 2000|  1.5983  |15.1 | 0.15|   0.00
      1988 RO1       |2001 10 18.000|0.512317  |2.671310| 11.4341|182.0001 |154.0032 | 2000|  5.2936  |17.3 | 0.15|   0.00
      1988 SM        |2001 10 18.000|0.343899  |1.664429| 10.9442|  1.0431 |312.9702 | 2000| 50.1825  |17.4 | 0.15|   0.00
      1989 VA        |2001 10 18.000|0.594766  |0.728624| 28.7863|225.6467 |  2.7962 | 2000|245.7104  |17.8 | 0.15|   0.00
      1990 HA        |2001 10 18.000|0.696683  |2.568746|  3.9087|184.7990 |308.2633 | 2000|294.5688  |16.0 | 0.15|   0.00
      1990 TG1       |2001 10 18.000|0.679551  |2.439510|  8.7326|205.1044 | 33.6922 | 2000| 25.0263  |14.8 | 0.15|   0.00
      1991 AQ        |2001 10 18.000|0.780222  |2.214208|  3.1925|341.5182 |241.0163 | 2000| 73.7011  |16.9 | 0.15|   0.00
      1991 NT3       |2001 10 18.000|0.307694  |1.820195| 13.9896|287.4080 |292.8632 | 2000|104.4700  |16.2 | 0.15|   0.00
      1991 VH        |2001 10 18.000|0.143760  |1.136573| 13.9164|139.4685 |207.1014 | 2000|112.0257  |16.5 | 0.15|   0.00
      1991 XB        |2001 10 18.000|0.589532  |2.940849| 16.3043|250.3994 |172.4472 | 2000|341.3499  |18.1 | 0.15|   0.00
      1993 VB        |2001 10 18.000|0.519468  |1.910162|  5.0630|145.8563 |322.7074 | 2000|340.7362  |19.5 | 0.15|   0.00
      1994 AW1       |2001 10 18.000|0.075288  |1.104615| 24.1011|290.4365 | 37.0450 | 2000| 26.5261  |17.6 | 0.15|   0.00
      1994 PM        |2001 10 18.000|0.752686  |1.478735| 17.9829|139.9125 |303.4656 | 2000|327.9031  |17.7 | 0.15|   0.00
      1994 RH        |2001 10 18.000|0.440593  |2.247529| 18.9372|331.6139 | 91.8813 | 2000|  5.1977  |16.0 | 0.15|   0.00
      1994 TF2       |2001 10 18.000|0.283770  |0.992864| 23.7541|175.2970 |349.6217 | 2000|260.0324  |19.3 | 0.15|   0.00
      1995 OO        |2001 10 18.000|0.778084  |2.155648| 23.6334|349.0164 |211.8353 | 2000| 43.2012  |17.1 | 0.15|   0.00
      1996 GT        |2001 10 18.000|0.382987  |1.642144|  3.3963| 73.4450 |318.9302 | 2000| 12.6965  |18.5 | 0.15|   0.00
      1996 PC1       |2001 10 18.000|0.451353  |1.840076| 25.1313|326.4187 | 45.6787 | 2000|  8.0495  |20.4 | 0.15|   0.00
      1996 TY11      |2001 10 18.000|0.535359  |1.228034| 13.9293| 30.7325 |158.6167 | 2000|122.4648  |19.4 | 0.15|   0.00
      1997 AQ18      |2001 10 18.000|0.465172  |1.147098| 17.3824|296.3645 | 36.9008 | 2000| 53.1030  |18.2 | 0.15|   0.00
      1997 NC1       |2001 10 18.000|0.208502  |0.865686| 16.7144| 96.6058 | 16.6097 | 2000|271.7928  |18.0 | 0.15|   0.00
      1997 US9       |2001 10 18.000|0.281579  |1.052077| 20.0180|212.2923 |357.2522 | 2000| 71.0527  |17.3 | 0.15|   0.00
      1998 BX7       |2001 10 18.000|0.503982  |2.601490|  8.9546|145.1184 |271.5441 | 2000|346.7017  |16.4 | 0.15|   0.00
      1998 BP26      |2001 10 18.000|0.257015  |1.722885| 20.2255|331.1342 |186.5019 | 2000|224.8780  |17.7 | 0.15|   0.00
      1998 FW4       |2001 10 18.000|0.729080  |2.496478|  3.5648|  3.1279 | 75.3817 | 2000|346.6678  |19.0 | 0.15|   0.00
      1998 HL1       |2001 10 18.000|0.187066  |1.246126| 20.0451|213.6377 |148.4236 | 2000| 37.1723  |19.1 | 0.15|   0.00
      1998 HK3       |2001 10 18.000|0.299825  |1.828100| 24.7025| 27.2886 |267.3978 | 2000| 87.5636  |17.5 | 0.15|   0.00
      1998 HM3       |2001 10 18.000|0.062142  |1.246666| 39.3370|210.8682 |136.9432 | 2000| 54.1954  |18.5 | 0.15|   0.00
      1998 KV2       |2001 10 18.000|0.332001  |1.593462| 13.0346| 66.8924 | 50.3351 | 2000|344.7060  |17.1 | 0.15|   0.00
      1998 KE3       |2001 10 18.000|0.253219  |2.049051| 47.9090| 63.0047 |130.5244 | 2000| 78.4486  |15.4 | 0.15|   0.00
      1998 MT24      |2001 10 18.000|0.649700  |2.419963| 33.9745|309.7460 |253.9387 | 2000|348.7283  |14.8 | 0.15|   0.00
      1998 PG        |2001 10 18.000|0.391644  |2.015424|  6.4870|222.9108 |155.7905 | 2000| 17.6779  |17.3 | 0.15|   0.00
      1998 PB1       |2001 10 18.000|0.431528  |2.028225|  5.9709|299.8721 |350.0366 | 2000| 45.1956  |17.2 | 0.15|   0.00
      1998 QA1       |2001 10 18.000|0.533220  |2.102961|  8.1691|299.1826 |332.8607 | 2000| 30.7999  |19.1 | 0.15|   0.00
      1998 QH2       |2001 10 18.000|0.362331  |1.426248| 61.0073|168.9639 | 13.8787 | 2000| 89.4169  |16.2 | 0.15|   0.00
      1998 QR52      |2001 10 18.000|0.287825  |1.043885| 17.6375|316.3026 |204.2027 | 2000|164.4868  |18.7 | 0.15|   0.00
      1998 RO1       |2001 10 18.000|0.720100  |0.990792| 22.6789|351.9425 |151.0373 | 2000|313.5876  |18.0 | 0.15|   0.00
      1998 SV4       |2001 10 18.000|0.641996  |0.816469| 53.2956|177.2693 |359.4735 | 2000|225.7974  |18.2 | 0.15|   0.00
      1998 SC15      |2001 10 18.000|0.414805  |1.273716| 16.0784|198.8515 |277.2784 | 2000|334.8952  |19.4 | 0.15|   0.00
      1998 SU27      |2001 10 18.000|0.593264  |2.123971|  7.0901|271.6204 |169.3988 | 2000|335.8048  |19.6 | 0.15|   0.00
      1998 SG36      |2001 10 18.000|0.337221  |1.645999| 24.8430|186.6741 | 29.5944 | 2000|301.5163  |16.0 | 0.15|   0.00
      1998 TU3       |2001 10 18.000|0.483790  |0.787176|  5.4099|102.3832 | 84.5108 | 2000|257.5677  |14.7 | 0.15|   0.00
      1998 UP1       |2001 10 18.000|0.345008  |0.999111| 33.1716| 18.4258 |234.4327 | 2000| 97.6451  |20.7 | 0.15|   0.00
      1998 VO33      |2001 10 18.000|0.809661  |1.247917| 14.9622| 64.4668 |209.7097 | 2000| 74.7969  |17.0 | 0.15|   0.00
      1998 WM        |2001 10 18.000|0.315324  |1.224706| 22.5155| 45.7078 |172.4686 | 2000|281.6408  |16.8 | 0.15|   0.00
      1998 WP5       |2001 10 18.000|0.195196  |1.374136| 19.5035| 36.2120 | 97.4927 | 2000|239.1971  |18.4 | 0.15|   0.00
      1998 WZ6       |2001 10 18.000|0.408006  |1.452220| 24.7509| 68.8477 |110.5820 | 2000|175.2934  |17.3 | 0.15|   0.00
      1998 WO7       |2001 10 18.000|0.304679  |2.132558| 45.7714| 78.3318 |330.4843 | 2000|349.4088  |16.5 | 0.15|   0.00
      1999 AU23      |2001 10 18.000|0.411038  |2.159787| 20.3964|293.8580 |117.6193 | 2000|327.6116  |17.2 | 0.15|   0.00
      1999 CT3       |2001 10 18.000|0.131926  |1.426768| 34.2350|321.9896 |268.2009 | 2000|122.8983  |18.3 | 0.15|   0.00
      1999 CV8       |2001 10 18.000|0.351826  |1.297621| 15.2626|132.1029 |279.1672 | 2000|348.8071  |19.6 | 0.15|   0.00
      1999 CZ136     |2001 10 18.000|0.448146  |2.294162|  2.2579|289.9254 | 56.0318 | 2000| 49.7773  |15.6 | 0.15|   0.00
      1999 GJ2       |2001 10 18.000|0.197911  |1.535326| 11.2745|196.3340 |142.2463 | 2000|354.1711  |17.0 | 0.15|   0.00
      1999 HF1       |2001 10 18.000|0.462467  |0.819051| 25.6584|155.9580 |253.3518 | 2000|240.6890  |14.5 | 0.15|   0.00
      1999 HY1       |2001 10 18.000|0.130709  |1.386395| 34.2249|216.1796 | 89.8283 | 2000|105.2646  |18.3 | 0.15|   0.00
      1999 JT6       |2001 10 18.000|0.579034  |2.134259|  9.5680| 79.0694 | 38.8692 | 2000|325.6794  |16.3 | 0.15|   0.00
      1999 JW6       |2001 10 18.000|0.143125  |1.507507| 51.3168| 66.4380 | 68.5103 | 2000|190.3412  |17.3 | 0.15|   0.00
      1999 KX4       |2001 10 18.000|0.292724  |1.457469| 16.5724|105.0349 | 76.2692 | 2000|185.9636  |16.9 | 0.15|   0.00
      1999 NC43      |2001 10 18.000|0.579591  |1.759655|  7.1152|312.0104 |120.3335 | 2000|270.4879  |16.0 | 0.15|   0.00
      1999 OW3       |2001 10 18.000|0.779854  |2.089266| 35.2332|196.5159 | 35.3018 | 2000|328.3305  |14.7 | 0.15|   0.00
      1999 PJ1       |2001 10 18.000|0.359315  |1.675230| 34.4847|319.5740 | 80.5023 | 2000|323.3096  |18.0 | 0.15|   0.00
      1999 QD2       |2001 10 18.000|0.060969  |1.685766| 23.2826|154.1115 |122.6356 | 2000| 44.3513  |17.1 | 0.15|   0.00
      1999 RH33      |2001 10 18.000|0.171016  |1.551096| 11.0177|168.4387 |351.3862 | 2000|225.6790  |19.2 | 0.15|   0.00
      1999 TA10      |2001 10 18.000|0.241569  |1.505713| 20.8423|214.7825 | 84.6074 | 2000| 88.6532  |17.7 | 0.15|   0.00
      1999 TK12      |2001 10 18.000|0.393382  |1.682950| 24.4820|359.2313 |112.0196 | 2000|279.9801  |18.2 | 0.15|   0.00
      1999 TL12      |2001 10 18.000|0.436521  |1.081406| 17.3333|202.4154 |346.6871 | 2000|119.7275  |18.7 | 0.15|   0.00
      1999 TX16      |2001 10 18.000|0.332768  |1.551331| 38.2113| 54.7431 |311.1222 | 2000| 43.4901  |16.2 | 0.15|   0.00
      1999 US3       |2001 10 18.000|0.519626  |2.760438| 28.9961|268.3166 |181.4830 | 2000|144.8070  |13.8 | 0.15|   0.00
      1999 VV        |2001 10 18.000|0.423245  |1.332468| 58.0472|241.1097 | 19.7124 | 2000|217.8167  |15.8 | 0.15|   0.00
      1999 VO6       |2001 10 18.000|0.738278  |1.135293| 40.0717|206.9979 |302.4191 | 2000|169.3975  |17.2 | 0.15|   0.00
      1999 VM11      |2001 10 18.000|0.278832  |1.594399| 17.0564|218.1287 |206.2506 | 2000|332.2104  |20.6 | 0.15|   0.00
      1999 VL12      |2001 10 18.000|0.236155  |1.593653| 20.1910|234.5135 | 40.7467 | 2000|108.8582  |17.1 | 0.15|   0.00
      1999 VG22      |2001 10 18.000|0.329974  |1.646689|  2.8532|271.5026 |222.4646 | 2000|277.1300  |18.6 | 0.15|   0.00
      1999 XO141     |2001 10 18.000|0.174438  |1.670647|  2.9367|111.3568 |192.2838 | 2000| 97.2595  |17.7 | 0.15|   0.00
      1999 XX262     |2001 10 18.000|0.181985  |1.532953|  8.2309|334.7809 |102.5218 | 2000|  4.3549  |18.1 | 0.15|   0.00
      1999 YA        |2001 10 18.000|0.338925  |1.676881| 38.2423|106.2801 |265.5450 | 2000|348.8862  |18.3 | 0.15|   0.00
      1999 YC        |2001 10 18.000|0.830820  |1.421854| 38.1609| 64.8672 |156.3184 | 2000|355.2363  |17.5 | 0.15|   0.00
      1999 YT        |2001 10 18.000|0.351844  |1.776508| 31.5834|116.5621 |272.5636 | 2000|317.2640  |16.8 | 0.15|   0.00
      1999 YR14      |2001 10 18.000|0.400754  |1.653930|  3.7245|  3.1972 |  9.3280 | 2000|349.7000  |18.9 | 0.15|   0.00
      2000 AU242     |2001 10 18.000|0.488947  |4.804447|  9.4589|208.2222 |335.8827 | 2000| 44.9421  |13.9 | 0.15|   0.00
      2000 DK79      |2001 10 18.000|0.414151  |1.776439| 60.6811| 43.5035 |  2.4169 | 2000|323.6687  |15.8 | 0.15|   0.00
      2000 EJ37      |2001 10 18.000|0.704359  |4.688260| 10.1908|184.5920 |110.4663 | 2000| 27.3672  |13.5 | 0.15|   0.00
      2000 ES70      |2001 10 18.000|0.319665  |1.808456| 25.4397|177.8868 |281.3858 | 2000|278.5648  |17.1 | 0.15|   0.00
      2000 ET70      |2001 10 18.000|0.123433  |0.946899| 22.3225|331.2168 | 46.3800 | 2000| 44.1809  |18.4 | 0.15|   0.00
      2000 EA107     |2001 10 18.000|0.455699  |0.929639| 28.5792| 52.9835 |277.9726 | 2000|101.9083  |16.2 | 0.15|   0.00
      2000 FL10      |2001 10 18.000|0.426867  |1.462962| 29.0182|187.0647 |258.7547 | 2000|  2.5836  |16.8 | 0.15|   0.00
      2000 GR146     |2001 10 18.000|0.574951  |1.462692| 14.3953| 78.6384 | 31.1782 | 2000|353.7766  |16.3 | 0.15|   0.00
      2000 NL10      |2001 10 18.000|0.817038  |0.914285| 32.5101|237.5440 |281.4761 | 2000|285.6201  |16.0 | 0.15|   0.00
      2000 ON        |2001 10 18.000|0.162336  |2.763301| 49.8611|151.5730 |183.0162 | 2000| 94.7020  |13.9 | 0.15|   0.00
      2000 OK8       |2001 10 18.000|0.221361  |0.985500|  9.9870|304.7115 |165.9582 | 2000|297.1655  |20.2 | 0.15|   0.00
      2000 OO67      |2001 10 18.000|0.962994  |561.4510| 20.0813|142.3508 |212.3341 | 2000|359.9054  | 9.2 | 0.15|   0.00
      2000 PJ5       |2001 10 18.000|0.373597  |0.872686| 51.1827|124.4440 |  7.5988 | 2000|306.6489  |17.6 | 0.15|   0.00
      2000 QJ1       |2001 10 18.000|0.512250  |1.589755|  7.6824|191.5564 |343.2701 | 2000|323.6371  |16.6 | 0.15|   0.00
      2000 RV37      |2001 10 18.000|0.495911  |1.040845| 16.3345|330.4357 |210.8450 | 2000|157.4962  |19.0 | 0.15|   0.00
      2000 RN77      |2001 10 18.000|0.318431  |0.951338| 16.0936|312.8689 |211.6668 | 2000|260.6315  |19.4 | 0.15|   0.00
      2000 SY2       |2001 10 18.000|0.642622  |0.858707| 19.2363|162.1402 | 47.6894 | 2000|217.9449  |16.5 | 0.15|   0.00
      2000 SY4       |2001 10 18.000|0.385831  |3.210596| 23.4782| 42.3378 |272.3538 | 2000| 85.1885  |14.1 | 0.15|   0.00
      2000 TK1       |2001 10 18.000|0.571699  |1.199508| 29.2238| 13.0771 |167.2869 | 2000|148.0242  |17.2 | 0.15|   0.00
      2000 VJ61      |2001 10 18.000|0.563349  |2.183945| 18.6697|270.7557 |280.3927 | 2000| 74.1314  |15.8 | 0.15|   0.00
      2000 WK63      |2001 10 18.000|0.758287  |2.437889| 10.3946|164.0994 | 40.8997 | 2000| 46.1690  |16.0 | 0.15|   0.00
      2000 WN107     |2001 10 18.000|0.613569  |2.151164| 14.3141|163.4870 | 11.6040 | 2000| 46.7270  |15.9 | 0.15|   0.00
      2000 XH44      |2001 10 18.000|0.392484  |2.007096| 11.3890|340.3670 |194.7783 | 2000| 52.9299  |16.1 | 0.15|   0.00
      2000 XG47      |2001 10 18.000|0.541616  |2.142184| 25.2611| 44.1031 |127.4169 | 2000| 66.6922  |16.6 | 0.15|   0.00
      2000 YM29      |2001 10 18.000|0.434463  |2.089971| 40.2992|116.6504 |  0.4105 | 2000| 93.1368  |18.4 | 0.15|   0.00
      2000 YN29      |2001 10 18.000|0.672157  |2.532078|  5.4429| 72.8052 |132.3380 | 2000| 36.5941  |17.6 | 0.15|   0.00
      2000 YQ29      |2001 10 18.000|0.513418  |2.674356| 13.7653|118.7456 |103.8701 | 2000| 39.1490  |15.9 | 0.15|   0.00
      2001 AU43      |2001 10 18.000|0.378025  |1.896654| 72.1434|129.3382 |149.2178 | 2000|356.6263  |15.9 | 0.15|   0.00
      2001 BW15      |2001 10 18.000|0.591503  |2.117668| 41.2061|329.0678 |297.9206 | 2000|  8.4340  |15.2 | 0.15|   0.00
      2001 BA40      |2001 10 18.000|0.253896  |1.119001| 12.8467|270.9911 |359.8966 | 2000|103.1642  |18.4 | 0.15|   0.00
      2001 CB21      |2001 01 31.000|0.332113  |1.031242|  7.8719|353.9668 |271.6917 | 2000|281.2848  |17.8 | 0.15|   0.00
      2001 CC21      |2001 10 18.000|0.218636  |1.031686|  4.7944| 75.7822 |179.2410 | 2000|152.2280  |18.5 | 0.15|   0.00
      2001 CV26      |2001 10 18.000|0.327015  |1.320410| 17.9806| 18.2873 | 48.6145 | 2000|241.2467  |16.3 | 0.15|   0.00
      2001 CL42      |2001 10 18.000|0.402728  |1.557121| 21.6541| 12.2286 |270.6206 | 2000| 38.4978  |17.2 | 0.15|   0.00
      2001 DB3       |2001 10 18.000|0.558695  |2.684730| 24.5680|341.5581 |263.4915 | 2000| 20.8861  |17.3 | 0.15|   0.00
      2001 EA16      |2001 10 18.000|0.427789  |1.509564| 38.8080|  8.1078 |317.2995 | 2000| 19.5240  |17.0 | 0.15|   0.00
      2001 EB18      |2001 10 18.000|0.183298  |1.050502| 49.9322|155.5250 |102.5617 | 2000|129.9003  |19.2 | 0.15|   0.00
      2001 FD7       |2001 10 18.000|0.198656  |2.184566| 41.1470|193.1288 |115.3981 | 2000|348.5350  |15.3 | 0.15|   0.00
      2001 FF7       |2001 10 18.000|0.442968  |2.104305| 47.5365|190.2644 | 59.3622 | 2000| 48.1072  |17.7 | 0.15|   0.00
      2001 FX9       |2001 10 18.000|0.330707  |1.932715|  3.4929|184.6364 |291.7626 | 2000|110.6445  |18.7 | 0.15|   0.00
      2001 FD90      |2001 10 18.000|0.477407  |2.048186|  7.2983|202.3832 | 47.6196 | 2000| 40.9410  |18.9 | 0.15|   0.00
      2001 FE90      |2001 10 18.000|0.494749  |1.928629|  8.7775| 98.6629 |144.8053 | 2000| 56.0219  |19.8 | 0.15|   0.00
      2001 FF90      |2001 10 18.000|0.629360  |2.587789| 23.2717|354.6551 |291.2975 | 2000| 15.3302  |16.7 | 0.15|   0.00
      2001 GM2       |2001 10 18.000|0.485018  |1.678005| 21.1584| 37.6702 |100.2107 | 2000|107.3722  |20.2 | 0.15|   0.00
      2001 HW7       |2001 10 18.000|0.511705  |2.172034|  7.7574|196.1024 | 81.9853 | 2000| 29.3002  |20.8 | 0.15|   0.00
      2001 HA8       |2001 10 18.000|0.532389  |2.380740| 11.5841| 96.2042 |201.5440 | 2000| 15.1974  |16.9 | 0.15|   0.00
      2001 HH31      |2001 10 18.000|0.288822  |1.654653| 12.8526| 71.7763 |275.7007 | 2000|345.3436  |17.9 | 0.15|   0.00
      2001 JT2       |2001 10 18.000|0.331026  |2.160113| 43.3937| 59.0190 |231.7589 | 2000| 17.5565  |17.2 | 0.15|   0.00
      2001 JU2       |2001 10 18.000|0.268570  |1.517353|  4.0120|101.0337 |226.9467 | 2000| 16.5485  |19.6 | 0.15|   0.00
      2001 JW2       |2001 10 18.000|0.488171  |1.697894|  9.5855|247.5979 | 87.4674 | 2000| 24.8771  |19.2 | 0.15|   0.00
      2001 KN20      |2001 10 18.000|0.453769  |2.146417| 12.1134|105.1870 |200.9083 | 2000| 28.9804  |16.8 | 0.15|   0.00
      2001 KY66      |2001 10 18.000|0.506818  |1.866903| 10.6370|284.5095 | 61.0705 | 2000|353.5821  |16.0 | 0.15|   0.00
      2001 KZ66      |2001 10 18.000|0.416648  |1.507893| 16.6788|219.5330 |140.1110 | 2000|340.8140  |17.0 | 0.15|   0.00
      2001 KA67      |2001 10 18.000|0.701747  |1.804579| 22.4554|108.8192 | 37.4032 | 2000| 78.7087  |16.7 | 0.15|   0.00
      2001 KX67      |2001 10 18.000|0.572500  |3.137664| 20.3395|246.9917 |113.1757 | 2000|  4.7687  |16.1 | 0.15|   0.00
      2001 LF        |2001 10 18.000|0.271125  |1.603092| 16.3943|267.3887 |343.5902 | 2000| 77.8088  |17.4 | 0.15|   0.00
      2001 LJ        |2001 10 18.000|0.367323  |3.321170| 26.0579|107.6020 |179.0335 | 2000| 18.9485  |15.4 | 0.15|   0.00
      2001 LM5       |2001 10 18.000|0.034564  |1.231530| 12.5469|270.2772 |255.6387 | 2000|188.7427  |19.2 | 0.15|   0.00
      2001 LD6       |2001 10 18.000|0.623215  |2.737594|  9.4379| 86.3946 |243.7921 | 2000| 11.3191  |19.3 | 0.15|   0.00
      2001 LO7       |2001 10 18.000|0.843396  |2.150713| 25.5310|236.4149 |181.2792 | 2000|312.6472  |14.6 | 0.15|   0.00
      2001 MD1       |2001 10 18.000|0.495131  |2.104551|  5.8916|266.1135 | 27.0006 | 2000| 30.6449  |21.4 | 0.15|   0.00
      2001 MF1       |2001 10 18.000|0.573622  |2.653281| 24.0801|289.7115 | 75.4993 | 2000|  5.4065  |16.9 | 0.15|   0.00
      2001 MG1       |2001 10 18.000|0.640029  |2.509620| 28.3975|142.5128 |218.4178 | 2000| 14.1535  |17.3 | 0.15|   0.00
      2001 MK3       |2001 10 18.000|0.247755  |1.669707| 29.5606|128.9416 |328.3808 | 2000|251.3468  |15.8 | 0.15|   0.00
      2001 MQ3       |2001 10 18.000|0.454022  |2.233197|  5.5896|313.6705 | 24.6193 | 2000| 12.7624  |19.0 | 0.15|   0.00
      2001 MR3       |2001 10 18.000|0.455920  |2.362889|  4.4472|221.2573 | 58.2056 | 2000| 29.6796  |19.0 | 0.15|   0.00
      2001 MZ7       |2001 10 18.000|0.286941  |1.776198| 24.4652|130.1690 | 19.8393 | 2000|167.9213  |15.0 | 0.15|   0.00
      2001 MA8       |2001 10 18.000|0.467311  |2.367699|  7.6214|269.8130 |357.2208 | 2000| 42.2383  |17.4 | 0.15|   0.00
      2001 MT18      |2001 10 18.000|0.519543  |1.271075|  8.6379|170.6662 |356.0121 | 2000|145.1272  |18.2 | 0.15|   0.00
      2001 NZ1       |2001 10 18.000|0.404650  |2.015695| 24.6188|253.9850 |359.6471 | 2000| 46.8733  |17.7 | 0.15|   0.00
      2001 NH6       |2001 10 18.000|0.449698  |1.237081| 34.6780|112.6504 |288.3391 | 2000|353.8697  |18.8 | 0.15|   0.00
      2001 NJ6       |2001 10 18.000|0.409625  |2.171537|  5.0905|111.1841 |210.5208 | 2000| 18.9132  |20.3 | 0.15|   0.00
      2001 NE13      |2001 07 10.000|0.422460  |2.110783|  7.7073|130.0527 |162.0238 | 2000|354.7133  |19.9 | 0.15|   0.00
      2001 NX17      |2001 10 18.000|0.427159  |5.060302|  8.9252|285.9728 |345.6270 | 2000| 16.1989  |12.9 | 0.15|   0.00
      2001 OD3       |2001 10 18.000|0.519278  |2.609739| 15.1011|123.0437 |208.6958 | 2000| 14.5342  |19.0 | 0.15|   0.00
      2001 OE3       |2001 10 18.000|0.335172  |1.609989| 11.9912|303.1511 | 43.7087 | 2000| 18.9455  |20.4 | 0.15|   0.00
      2001 OX13      |2001 10 18.000|0.459967  |2.383835|  4.1831| 55.1339 |276.3885 | 2000| 13.8293  |19.0 | 0.15|   0.00
      2001 OZ13      |2001 10 18.000|0.174283  |1.517348|  9.8560| 99.3322 | 29.0126 | 2000|223.7663  |17.6 | 0.15|   0.00
      2001 OA14      |2001 10 18.000|0.421729  |1.089279| 29.2336|309.5914 |144.3177 | 2000|331.5575  |18.3 | 0.15|   0.00
      2001 OG25      |2001 10 18.000|0.250071  |1.438001| 10.6926|153.7610 |142.3835 | 2000| 48.4617  |19.8 | 0.15|   0.00
      2001 OQ26      |2001 07 10.000|0.404967  |3.219343| 12.6597| 77.0322 |309.1442 | 2000|312.2883  |14.7 | 0.15|   0.00
      2001 OB36      |2001 07 30.000|0.621054  |2.969233| 43.0414|113.1585 |289.0673 | 2000|330.5881  |16.8 | 0.15|   0.00
      2001 OB74      |2001 10 18.000|0.503890  |3.038875| 16.8278|260.5249 | 38.3616 | 2000| 22.2355  |17.1 | 0.15|   0.00
      2001 OE84      |2001 08 19.000|0.473446  |2.280861|  9.3744| 32.4001 |  2.5471 | 2000|341.2921  |17.5 | 0.15|   0.00
      2001 OF84      |2001 08 19.000|0.521017  |2.678588| 25.3685|329.5886 |347.6267 | 2000| 11.0528  |16.7 | 0.15|   0.00
      2001 OG108     |2001 10 18.000|0.925130  |13.27774| 80.2409| 10.5548 |116.4231 | 2000|356.9805  |13.0 | 0.15|   0.00
      2001 PJ        |2001 07 30.000|0.500515  |2.104600|  5.8249|261.3451 | 43.9998 | 2000|358.0352  |20.7 | 0.15|   0.00
      2001 PD1       |2001 10 18.000|0.457343  |2.232944|  5.9566|282.6526 | 94.4935 | 2000|  4.5209  |18.4 | 0.15|   0.00
      2001 PE1       |2001 10 18.000|0.595975  |2.771957|  3.4443|183.2306 |190.7187 | 2000|359.3813  |18.3 | 0.15|   0.00
      2001 PH9       |2001 08 19.000|0.537250  |2.728421|  5.5307|289.5282 | 63.0269 | 2000|352.8512  |20.9 | 0.15|   0.00
      2001 PJ9       |2001 08 19.000|0.640168  |1.799557| 10.5184|284.2936 |290.6609 | 2000| 42.4030  |18.0 | 0.15|   0.00
      2001 PK9       |2001 07 30.000|0.394783  |1.779235| 10.4095|273.1677 |313.5025 | 2000| 57.8004  |17.4 | 0.15|   0.00
      2001 PL9       |2001 07 30.000|0.360471  |1.235155| 20.9063|172.1602 |343.9209 | 2000|135.9782  |17.5 | 0.15|   0.00
      2001 PM9       |2001 10 18.000|0.416110  |1.618216|  8.0966|253.2102 |321.9987 | 2000| 95.6603  |18.5 | 0.15|   0.00
      2001 PT9       |2001 08 19.000|0.454060  |1.466843|  7.1761|330.3070 |261.2480 | 2000| 47.1995  |20.1 | 0.15|   0.00
      2001 PU9       |2001 07 30.000|0.492324  |2.178788| 28.7803|145.1474 |159.2153 | 2000|356.7300  |19.5 | 0.15|   0.00
      2001 PH13      |2001 08 19.000|0.534653  |2.945717| 11.1040|149.1033 |220.2441 | 2000|351.5741  |17.8 | 0.15|   0.00
      2001 PF14      |2001 08 19.000|0.409486  |2.111832|  6.7554| 38.8027 |253.4270 | 2000| 14.2837  |19.7 | 0.15|   0.00
      2001 PG14      |2001 08 19.000|0.334832  |1.471338| 10.7000|154.8140 |115.2424 | 2000| 29.0372  |22.5 | 0.15|   0.00
      2001 PJ29      |2001 10 18.000|0.391824  |1.448061|  6.6374|328.6012 | 69.4053 | 2000|  1.5192  |22.9 | 0.15|   0.00
      2001 QJ        |2001 08 19.000|0.462969  |2.345134|  6.9781|316.3557 | 10.5085 | 2000|359.4306  |21.7 | 0.15|   0.00
      2001 QF6       |2001 08 19.000|0.706489  |7.664335| 25.2275|144.4362 |239.7193 | 2000|352.1355  |14.9 | 0.15|   0.00
      2001 QA34      |2001 07 30.000|0.500502  |3.047461|  7.5952|262.0952 | 66.5364 | 2000|358.8847  |19.0 | 0.15|   0.00
      2001 QB34      |2001 08 19.000|0.395602  |2.116872|  5.6174|266.4835 | 86.9199 | 2000|355.5440  |19.1 | 0.15|   0.00
      2001 QC34      |2001 08 19.000|0.187101  |1.126869|  6.2332|271.9420 |214.9503 | 2000|211.7737  |19.6 | 0.15|   0.00
      2001 QD34      |2001 08 19.000|0.513132  |2.137265|  8.2458|149.1879 |146.8636 | 2000|  9.1735  |22.7 | 0.15|   0.00
      2001 QE34      |2001 08 19.000|0.734928  |2.146305|  5.4601|281.4854 |312.1619 | 2000| 20.7852  |18.2 | 0.15|   0.00
      2001 QE71      |2001 10 18.000|0.158586  |1.077712|  3.0359|148.6238 | 96.2936 | 2000|116.1468  |24.6 | 0.15|   0.00
      2001 QC96      |2001 08 19.000|0.381765  |1.338961| 20.7692|143.0656 |277.3004 | 2000|305.4331  |20.2 | 0.15|   0.00
      2001 QD96      |2001 08 19.000|0.498229  |1.274935| 18.0477|330.3722 |145.7837 | 2000|238.8230  |17.8 | 0.15|   0.00
      2001 QF96      |2001 08 19.000|0.368564  |1.559946|  6.7573|159.0054 |223.9662 | 2000|333.0853  |24.6 | 0.15|   0.00
      2001 QG96      |2001 08 19.000|0.259607  |1.683276| 23.0601|170.5538 |191.9011 | 2000|343.4775  |19.5 | 0.15|   0.00
      2001 QH96      |2001 08 19.000|0.363022  |1.744698| 13.9116|178.7606 |130.0476 | 2000| 16.1580  |18.1 | 0.15|   0.00
      2001 QJ96      |2001 08 19.000|0.798102  |1.591850|  5.8522|339.1251 |121.2944 | 2000|330.2317  |22.0 | 0.15|   0.00
      2001 QW108     |2001 08 19.000|0.503851  |2.766603| 30.0652|129.9500 |293.2301 | 2000|337.7520  |15.5 | 0.15|   0.00
      2001 QD111     |2001 08 19.000|0.408116  |3.260548| 24.7686|298.4221 | 30.8343 | 2000| 13.0988  |14.6 | 0.15|   0.00
      2001 QG142     |2001 08 19.000|0.557975  |2.402841| 30.9629|161.1591 |137.8745 | 2000|  3.5687  |18.1 | 0.15|   0.00
      2001 QH142     |2001 08 19.000|0.220732  |1.512337| 30.0967|317.9215 |252.2719 | 2000|117.4363  |17.8 | 0.15|   0.00
      2001 QJ142     |2001 08 19.000|0.086738  |1.062211|  3.0961|184.5541 | 63.8453 | 2000| 69.8885  |23.3 | 0.15|   0.00
      2001 QK142     |2001 08 19.000|0.550257  |2.602501|  5.8250| 41.3655 |319.4170 | 2000|  0.4399  |17.1 | 0.15|   0.00
      2001 QL142     |2001 08 19.000|0.499275  |1.041066| 26.5353|165.5585 | 71.2957 | 2000| 70.9921  |17.6 | 0.15|   0.00
      2001 QN142     |2001 08 19.000|0.681338  |3.040239| 10.1760|164.5370 |109.9936 | 2000|  8.2253  |21.5 | 0.15|   0.00
      2001 QO142     |2001 08 19.000|0.787329  |2.372143|  6.0154|269.0897 |194.9519 | 2000|330.2820  |18.3 | 0.15|   0.00
      2001 QP142     |2001 10 18.000|0.549552  |2.304195|  9.5712|331.2529 | 20.0603 | 2000| 10.7236  |24.1 | 0.15|   0.00
      2001 QQ142     |2001 08 19.000|0.334114  |1.468481|  9.6636| 83.7103 |338.1586 | 2000|318.5595  |18.2 | 0.15|   0.00
      2001 QA143     |2001 08 19.000|0.491487  |2.233889|  6.7343|305.7087 | 98.9800 | 2000|336.4378  |19.5 | 0.15|   0.00
      2001 QK153     |2001 08 19.000|0.716077  |2.623494|  7.8050|259.7741 |  3.3129 | 2000| 10.4010  |20.2 | 0.15|   0.00
      2001 QL153     |2001 08 19.000|0.455273  |2.375467| 22.8269|162.3874 |235.2713 | 2000|342.4721  |18.9 | 0.15|   0.00
      2001 QM153     |2001 08 19.000|0.228829  |1.666869| 20.3209|319.1685 | 99.4294 | 2000|327.9758  |16.6 | 0.15|   0.00
      2001 QP153     |2001 10 18.000|0.213870  |0.890558| 50.1239|317.7044 |244.0115 | 2000|175.5553  |16.9 | 0.15|   0.00
      2001 QL163     |2001 08 19.000|0.458058  |1.809903|  8.4010|324.4154 | 54.3033 | 2000|339.8810  |22.3 | 0.15|   0.00
      2001 QM163     |2001 08 19.000|0.736426  |2.333033|  9.2444| 88.0302 |165.8597 | 2000| 12.9389  |19.6 | 0.15|   0.00
      2001 QL169     |2001 08 19.000|0.509351  |3.109638| 14.4648|112.0318 |210.1226 | 2000|  5.4938  |17.7 | 0.15|   0.00
      2001 QP181     |2001 08 19.000|0.525766  |2.224697|  4.9499| 40.3731 |229.2338 | 2000| 24.2416  |17.7 | 0.15|   0.00
